GEO.id,GEO.id2,GEO.display-label,HC01_VC03,HC02_VC03,HC03_VC03,HC04_VC03,HC01_VC04,HC02_VC04,HC03_VC04,HC04_VC04,HC01_VC05,HC02_VC05,HC03_VC05,HC04_VC05,HC01_VC08,HC02_VC08,HC03_VC08,HC04_VC08,HC01_VC09,HC02_VC09,HC03_VC09,HC04_VC09,HC01_VC13,HC02_VC13,HC03_VC13,HC04_VC13,HC01_VC14,HC02_VC14,HC03_VC14,HC04_VC14,HC01_VC15,HC02_VC15,HC03_VC15,HC04_VC15,HC01_VC16,HC02_VC16,HC03_VC16,HC04_VC16,HC01_VC17,HC02_VC17,HC03_VC17,HC04_VC17,HC01_VC18,HC02_VC18,HC03_VC18,HC04_VC18,HC01_VC19,HC02_VC19,HC03_VC19,HC04_VC19,HC01_VC20,HC02_VC20,HC03_VC20,HC04_VC20,HC01_VC21,HC02_VC21,HC03_VC21,HC04_VC21,HC01_VC22,HC02_VC22,HC03_VC22,HC04_VC22,HC01_VC26,HC02_VC26,HC03_VC26,HC04_VC26,HC01_VC27,HC02_VC27,HC03_VC27,HC04_VC27,HC01_VC28,HC02_VC28,HC03_VC28,HC04_VC28,HC01_VC29,HC02_VC29,HC03_VC29,HC04_VC29,HC01_VC30,HC02_VC30,HC03_VC30,HC04_VC30,HC01_VC31,HC02_VC31,HC03_VC31,HC04_VC31,HC01_VC32,HC02_VC32,HC03_VC32,HC04_VC32,HC01_VC33,HC02_VC33,HC03_VC33,HC04_VC33,HC01_VC34,HC02_VC34,HC03_VC34,HC04_VC34,HC01_VC35,HC02_VC35,HC03_VC35,HC04_VC35,HC01_VC36,HC02_VC36,HC03_VC36,HC04_VC36,HC01_VC40,HC02_VC40,HC03_VC40,HC04_VC40,HC01_VC41,HC02_VC41,HC03_VC41,HC04_VC41,HC01_VC42,HC02_VC42,HC03_VC42,HC04_VC42,HC01_VC43,HC02_VC43,HC03_VC43,HC04_VC43,HC01_VC44,HC02_VC44,HC03_VC44,HC04_VC44,HC01_VC45,HC02_VC45,HC03_VC45,HC04_VC45,HC01_VC46,HC02_VC46,HC03_VC46,HC04_VC46,HC01_VC47,HC02_VC47,HC03_VC47,HC04_VC47,HC01_VC48,HC02_VC48,HC03_VC48,HC04_VC48,HC01_VC49,HC02_VC49,HC03_VC49,HC04_VC49,HC01_VC50,HC02_VC50,HC03_VC50,HC04_VC50,HC01_VC54,HC02_VC54,HC03_VC54,HC04_VC54,HC01_VC55,HC02_VC55,HC03_VC55,HC04_VC55,HC01_VC56,HC02_VC56,HC03_VC56,HC04_VC56,HC01_VC57,HC02_VC57,HC03_VC57,HC04_VC57,HC01_VC58,HC02_VC58,HC03_VC58,HC04_VC58,HC01_VC59,HC02_VC59,HC03_VC59,HC04_VC59,HC01_VC60,HC02_VC60,HC03_VC60,HC04_VC60,HC01_VC64,HC02_VC64,HC03_VC64,HC04_VC64,HC01_VC65,HC02_VC65,HC03_VC65,HC04_VC65,HC01_VC66,HC02_VC66,HC03_VC66,HC04_VC66,HC01_VC69,HC02_VC69,HC03_VC69,HC04_VC69,HC01_VC70,HC02_VC70,HC03_VC70,HC04_VC70,HC01_VC74,HC02_VC74,HC03_VC74,HC04_VC74,HC01_VC75,HC02_VC75,HC03_VC75,HC04_VC75,HC01_VC76,HC02_VC76,HC03_VC76,HC04_VC76,HC01_VC77,HC02_VC77,HC03_VC77,HC04_VC77,HC01_VC78,HC02_VC78,HC03_VC78,HC04_VC78,HC01_VC79,HC02_VC79,HC03_VC79,HC04_VC79,HC01_VC80,HC02_VC80,HC03_VC80,HC04_VC80,HC01_VC84,HC02_VC84,HC03_VC84,HC04_VC84,HC01_VC85,HC02_VC85,HC03_VC85,HC04_VC85,HC01_VC86,HC02_VC86,HC03_VC86,HC04_VC86,HC01_VC87,HC02_VC87,HC03_VC87,HC04_VC87,HC01_VC88,HC02_VC88,HC03_VC88,HC04_VC88,HC01_VC92,HC02_VC92,HC03_VC92,HC04_VC92,HC01_VC93,HC02_VC93,HC03_VC93,HC04_VC93,HC01_VC94,HC02_VC94,HC03_VC94,HC04_VC94,HC01_VC95,HC02_VC95,HC03_VC95,HC04_VC95,HC01_VC96,HC02_VC96,HC03_VC96,HC04_VC96,HC01_VC97,HC02_VC97,HC03_VC97,HC04_VC97,HC01_VC98,HC02_VC98,HC03_VC98,HC04_VC98,HC01_VC99,HC02_VC99,HC03_VC99,HC04_VC99,HC01_VC100,HC02_VC100,HC03_VC100,HC04_VC100,HC01_VC101,HC02_VC101,HC03_VC101,HC04_VC101,HC01_VC105,HC02_VC105,HC03_VC105,HC04_VC105,HC01_VC106,HC02_VC106,HC03_VC106,HC04_VC106,HC01_VC107,HC02_VC107,HC03_VC107,HC04_VC107,HC01_VC108,HC02_VC108,HC03_VC108,HC04_VC108,HC01_VC112,HC02_VC112,HC03_VC112,HC04_VC112,HC01_VC113,HC02_VC113,HC03_VC113,HC04_VC113,HC01_VC114,HC02_VC114,HC03_VC114,HC04_VC114,HC01_VC115,HC02_VC115,HC03_VC115,HC04_VC115,HC01_VC119,HC02_VC119,HC03_VC119,HC04_VC119,HC01_VC120,HC02_VC120,HC03_VC120,HC04_VC120,HC01_VC121,HC02_VC121,HC03_VC121,HC04_VC121,HC01_VC122,HC02_VC122,HC03_VC122,HC04_VC122,HC01_VC123,HC02_VC123,HC03_VC123,HC04_VC123,HC01_VC124,HC02_VC124,HC03_VC124,HC04_VC124,HC01_VC125,HC02_VC125,HC03_VC125,HC04_VC125,HC01_VC126,HC02_VC126,HC03_VC126,HC04_VC126,HC01_VC127,HC02_VC127,HC03_VC127,HC04_VC127,HC01_VC128,HC02_VC128,HC03_VC128,HC04_VC128,HC01_VC132,HC02_VC132,HC03_VC132,HC04_VC132,HC01_VC133,HC02_VC133,HC03_VC133,HC04_VC133,HC01_VC134,HC02_VC134,HC03_VC134,HC04_VC134,HC01_VC138,HC02_VC138,HC03_VC138,HC04_VC138,HC01_VC139,HC02_VC139,HC03_VC139,HC04_VC139,HC01_VC140,HC02_VC140,HC03_VC140,HC04_VC140,HC01_VC141,HC02_VC141,HC03_VC141,HC04_VC141,HC01_VC142,HC02_VC142,HC03_VC142,HC04_VC142,HC01_VC143,HC02_VC143,HC03_VC143,HC04_VC143,HC01_VC144,HC02_VC144,HC03_VC144,HC04_VC144,HC01_VC145,HC02_VC145,HC03_VC145,HC04_VC145,HC01_VC146,HC02_VC146,HC03_VC146,HC04_VC146,HC01_VC148,HC02_VC148,HC03_VC148,HC04_VC148,HC01_VC149,HC02_VC149,HC03_VC149,HC04_VC149,HC01_VC150,HC02_VC150,HC03_VC150,HC04_VC150,HC01_VC151,HC02_VC151,HC03_VC151,HC04_VC151,HC01_VC152,HC02_VC152,HC03_VC152,HC04_VC152,HC01_VC153,HC02_VC153,HC03_VC153,HC04_VC153,HC01_VC154,HC02_VC154,HC03_VC154,HC04_VC154,HC01_VC155,HC02_VC155,HC03_VC155,HC04_VC155,HC01_VC159,HC02_VC159,HC03_VC159,HC04_VC159,HC01_VC160,HC02_VC160,HC03_VC160,HC04_VC160,HC01_VC161,HC02_VC161,HC03_VC161,HC04_VC161,HC01_VC162,HC02_VC162,HC03_VC162,HC04_VC162,HC01_VC163,HC02_VC163,HC03_VC163,HC04_VC163,HC01_VC164,HC02_VC164,HC03_VC164,HC04_VC164,HC01_VC167,HC02_VC167,HC03_VC167,HC04_VC167,HC01_VC169,HC02_VC169,HC03_VC169,HC04_VC169,HC01_VC170,HC02_VC170,HC03_VC170,HC04_VC170,HC01_VC171,HC02_VC171,HC03_VC171,HC04_VC171,HC01_VC172,HC02_VC172,HC03_VC172,HC04_VC172,HC01_VC173,HC02_VC173,HC03_VC173,HC04_VC173,HC01_VC174,HC02_VC174,HC03_VC174,HC04_VC174,HC01_VC175,HC02_VC175,HC03_VC175,HC04_VC175,HC01_VC176,HC02_VC176,HC03_VC176,HC04_VC176,HC01_VC179,HC02_VC179,HC03_VC179,HC04_VC179,HC01_VC183,HC02_VC183,HC03_VC183,HC04_VC183,HC01_VC184,HC02_VC184,HC03_VC184,HC04_VC184,HC01_VC185,HC02_VC185,HC03_VC185,HC04_VC185,HC01_VC186,HC02_VC186,HC03_VC186,HC04_VC186,HC01_VC187,HC02_VC187,HC03_VC187,HC04_VC187,HC01_VC188,HC02_VC188,HC03_VC188,HC04_VC188,HC01_VC189,HC02_VC189,HC03_VC189,HC04_VC189,HC01_VC190,HC02_VC190,HC03_VC190,HC04_VC190,HC01_VC191,HC02_VC191,HC03_VC191,HC04_VC191,HC01_VC194,HC02_VC194,HC03_VC194,HC04_VC194,HC01_VC198,HC02_VC198,HC03_VC198,HC04_VC198,HC01_VC199,HC02_VC199,HC03_VC199,HC04_VC199,HC01_VC200,HC02_VC200,HC03_VC200,HC04_VC200,HC01_VC201,HC02_VC201,HC03_VC201,HC04_VC201,HC01_VC202,HC02_VC202,HC03_VC202,HC04_VC202,HC01_VC203,HC02_VC203,HC03_VC203,HC04_VC203,HC01_VC204,HC02_VC204,HC03_VC204,HC04_VC204,HC01_VC207,HC02_VC207,HC03_VC207,HC04_VC207
Id,Id2,Geography,Estimate; HOUSING OCCUPANCY - Total housing units,Margin of Error; HOUSING OCCUPANCY - Total housing units,Percent; HOUSING OCCUPANCY - Total housing units,Percent Margin of Error; HOUSING OCCUPANCY - Total housing units,Estimate; HOUSING OCCUPANCY - Total housing units - Occupied housing units,Margin of Error; HOUSING OCCUPANCY - Total housing units - Occupied housing units,Percent; HOUSING OCCUPANCY - Total housing units - Occupied housing units,Percent Margin of Error; HOUSING OCCUPANCY - Total housing units - Occupied housing units,Estimate; HOUSING OCCUPANCY - Total housing units - Vacant housing units,Margin of Error; HOUSING OCCUPANCY - Total housing units - Vacant housing units,Percent; HOUSING OCCUPANCY - Total housing units - Vacant housing units,Percent Margin of Error; HOUSING OCCUPANCY - Total housing units - Vacant housing units,Estimate; HOUSING OCCUPANCY - Homeowner vacancy rate,Margin of Error; HOUSING OCCUPANCY - Homeowner vacancy rate,Percent; HOUSING OCCUPANCY - Homeowner vacancy rate,Percent Margin of Error; HOUSING OCCUPANCY - Homeowner vacancy rate,Estimate; HOUSING OCCUPANCY - Rental vacancy rate,Margin of Error; HOUSING OCCUPANCY - Rental vacancy rate,Percent; HOUSING OCCUPANCY - Rental vacancy rate,Percent Margin of Error; HOUSING OCCUPANCY - Rental vacancy rate,Estimate; UNITS IN STRUCTURE - Total housing units,Margin of Error; UNITS IN STRUCTURE - Total housing units,Percent; UNITS IN STRUCTURE - Total housing units,Percent Margin of Error; UNITS IN STRUCTURE - Total housing units,"Estimate; UNITS IN STRUCTURE - Total housing units - 1-unit, detached","Margin of Error; UNITS IN STRUCTURE - Total housing units - 1-unit, detached","Percent; UNITS IN STRUCTURE - Total housing units - 1-unit, detached","Percent Margin of Error; UNITS IN STRUCTURE - Total housing units - 1-unit, detached","Estimate; UNITS IN STRUCTURE - Total housing units - 1-unit, attached","Margin of Error; UNITS IN STRUCTURE - Total housing units - 1-unit, attached","Percent; UNITS IN STRUCTURE - Total housing units - 1-unit, attached","Percent Margin of Error; UNITS IN STRUCTURE - Total housing units - 1-unit, attached",Estimate; UNITS IN STRUCTURE - Total housing units - 2 units,Margin of Error; UNITS IN STRUCTURE - Total housing units - 2 units,Percent; UNITS IN STRUCTURE - Total housing units - 2 units,Percent Margin of Error; UNITS IN STRUCTURE - Total housing units - 2 units,Estimate; UNITS IN STRUCTURE - Total housing units - 3 or 4 units,Margin of Error; UNITS IN STRUCTURE - Total housing units - 3 or 4 units,Percent; UNITS IN STRUCTURE - Total housing units - 3 or 4 units,Percent Margin of Error; UNITS IN STRUCTURE - Total housing units - 3 or 4 units,Estimate; UNITS IN STRUCTURE - Total housing units - 5 to 9 units,Margin of Error; UNITS IN STRUCTURE - Total housing units - 5 to 9 units,Percent; UNITS IN STRUCTURE - Total housing units - 5 to 9 units,Percent Margin of Error; UNITS IN STRUCTURE - Total housing units - 5 to 9 units,Estimate; UNITS IN STRUCTURE - Total housing units - 10 to 19 units,Margin of Error; UNITS IN STRUCTURE - Total housing units - 10 to 19 units,Percent; UNITS IN STRUCTURE - Total housing units - 10 to 19 units,Percent Margin of Error; UNITS IN STRUCTURE - Total housing units - 10 to 19 units,Estimate; UNITS IN STRUCTURE - Total housing units - 20 or more units,Margin of Error; UNITS IN STRUCTURE - Total housing units - 20 or more units,Percent; UNITS IN STRUCTURE - Total housing units - 20 or more units,Percent Margin of Error; UNITS IN STRUCTURE - Total housing units - 20 or more units,Estimate; UNITS IN STRUCTURE - Total housing units - Mobile home,Margin of Error; UNITS IN STRUCTURE - Total housing units - Mobile home,Percent; UNITS IN STRUCTURE - Total housing units - Mobile home,Percent Margin of Error; UNITS IN STRUCTURE - Total housing units - Mobile home,"Estimate; UNITS IN STRUCTURE - Total housing units - Boat, RV, van, etc.","Margin of Error; UNITS IN STRUCTURE - Total housing units - Boat, RV, van, etc.","Percent; UNITS IN STRUCTURE - Total housing units - Boat, RV, van, etc.","Percent Margin of Error; UNITS IN STRUCTURE - Total housing units - Boat, RV, van, etc.",Estimate; YEAR STRUCTURE BUILT - Total housing units,Margin of Error; YEAR STRUCTURE BUILT - Total housing units,Percent; YEAR STRUCTURE BUILT - Total housing units,Percent Margin of Error; YEAR STRUCTURE BUILT - Total housing units,Estimate; YEAR STRUCTURE BUILT - Total housing units - Built 2014 or later,Margin of Error; YEAR STRUCTURE BUILT - Total housing units - Built 2014 or later,Percent; YEAR STRUCTURE BUILT - Total housing units - Built 2014 or later,Percent Margin of Error; YEAR STRUCTURE BUILT - Total housing units - Built 2014 or later,Estimate; YEAR STRUCTURE BUILT - Total housing units - Built 2010 to 2013,Margin of Error; YEAR STRUCTURE BUILT - Total housing units - Built 2010 to 2013,Percent; YEAR STRUCTURE BUILT - Total housing units - Built 2010 to 2013,Percent Margin of Error; YEAR STRUCTURE BUILT - Total housing units - Built 2010 to 2013,Estimate; YEAR STRUCTURE BUILT - Total housing units - Built 2000 to 2009,Margin of Error; YEAR STRUCTURE BUILT - Total housing units - Built 2000 to 2009,Percent; YEAR STRUCTURE BUILT - Total housing units - Built 2000 to 2009,Percent Margin of Error; YEAR STRUCTURE BUILT - Total housing units - Built 2000 to 2009,Estimate; YEAR STRUCTURE BUILT - Total housing units - Built 1990 to 1999,Margin of Error; YEAR STRUCTURE BUILT - Total housing units - Built 1990 to 1999,Percent; YEAR STRUCTURE BUILT - Total housing units - Built 1990 to 1999,Percent Margin of Error; YEAR STRUCTURE BUILT - Total housing units - Built 1990 to 1999,Estimate; YEAR STRUCTURE BUILT - Total housing units - Built 1980 to 1989,Margin of Error; YEAR STRUCTURE BUILT - Total housing units - Built 1980 to 1989,Percent; YEAR STRUCTURE BUILT - Total housing units - Built 1980 to 1989,Percent Margin of Error; YEAR STRUCTURE BUILT - Total housing units - Built 1980 to 1989,Estimate; YEAR STRUCTURE BUILT - Total housing units - Built 1970 to 1979,Margin of Error; YEAR STRUCTURE BUILT - Total housing units - Built 1970 to 1979,Percent; YEAR STRUCTURE BUILT - Total housing units - Built 1970 to 1979,Percent Margin of Error; YEAR STRUCTURE BUILT - Total housing units - Built 1970 to 1979,Estimate; YEAR STRUCTURE BUILT - Total housing units - Built 1960 to 1969,Margin of Error; YEAR STRUCTURE BUILT - Total housing units - Built 1960 to 1969,Percent; YEAR STRUCTURE BUILT - Total housing units - Built 1960 to 1969,Percent Margin of Error; YEAR STRUCTURE BUILT - Total housing units - Built 1960 to 1969,Estimate; YEAR STRUCTURE BUILT - Total housing units - Built 1950 to 1959,Margin of Error; YEAR STRUCTURE BUILT - Total housing units - Built 1950 to 1959,Percent; YEAR STRUCTURE BUILT - Total housing units - Built 1950 to 1959,Percent Margin of Error; YEAR STRUCTURE BUILT - Total housing units - Built 1950 to 1959,Estimate; YEAR STRUCTURE BUILT - Total housing units - Built 1940 to 1949,Margin of Error; YEAR STRUCTURE BUILT - Total housing units - Built 1940 to 1949,Percent; YEAR STRUCTURE BUILT - Total housing units - Built 1940 to 1949,Percent Margin of Error; YEAR STRUCTURE BUILT - Total housing units - Built 1940 to 1949,Estimate; YEAR STRUCTURE BUILT - Total housing units - Built 1939 or earlier,Margin of Error; YEAR STRUCTURE BUILT - Total housing units - Built 1939 or earlier,Percent; YEAR STRUCTURE BUILT - Total housing units - Built 1939 or earlier,Percent Margin of Error; YEAR STRUCTURE BUILT - Total housing units - Built 1939 or earlier,Estimate; ROOMS - Total housing units,Margin of Error; ROOMS - Total housing units,Percent; ROOMS - Total housing units,Percent Margin of Error; ROOMS - Total housing units,Estimate; ROOMS - Total housing units - 1 room,Margin of Error; ROOMS - Total housing units - 1 room,Percent; ROOMS - Total housing units - 1 room,Percent Margin of Error; ROOMS - Total housing units - 1 room,Estimate; ROOMS - Total housing units - 2 rooms,Margin of Error; ROOMS - Total housing units - 2 rooms,Percent; ROOMS - Total housing units - 2 rooms,Percent Margin of Error; ROOMS - Total housing units - 2 rooms,Estimate; ROOMS - Total housing units - 3 rooms,Margin of Error; ROOMS - Total housing units - 3 rooms,Percent; ROOMS - Total housing units - 3 rooms,Percent Margin of Error; ROOMS - Total housing units - 3 rooms,Estimate; ROOMS - Total housing units - 4 rooms,Margin of Error; ROOMS - Total housing units - 4 rooms,Percent; ROOMS - Total housing units - 4 rooms,Percent Margin of Error; ROOMS - Total housing units - 4 rooms,Estimate; ROOMS - Total housing units - 5 rooms,Margin of Error; ROOMS - Total housing units - 5 rooms,Percent; ROOMS - Total housing units - 5 rooms,Percent Margin of Error; ROOMS - Total housing units - 5 rooms,Estimate; ROOMS - Total housing units - 6 rooms,Margin of Error; ROOMS - Total housing units - 6 rooms,Percent; ROOMS - Total housing units - 6 rooms,Percent Margin of Error; ROOMS - Total housing units - 6 rooms,Estimate; ROOMS - Total housing units - 7 rooms,Margin of Error; ROOMS - Total housing units - 7 rooms,Percent; ROOMS - Total housing units - 7 rooms,Percent Margin of Error; ROOMS - Total housing units - 7 rooms,Estimate; ROOMS - Total housing units - 8 rooms,Margin of Error; ROOMS - Total housing units - 8 rooms,Percent; ROOMS - Total housing units - 8 rooms,Percent Margin of Error; ROOMS - Total housing units - 8 rooms,Estimate; ROOMS - Total housing units - 9 rooms or more,Margin of Error; ROOMS - Total housing units - 9 rooms or more,Percent; ROOMS - Total housing units - 9 rooms or more,Percent Margin of Error; ROOMS - Total housing units - 9 rooms or more,Estimate; ROOMS - Total housing units - Median rooms,Margin of Error; ROOMS - Total housing units - Median rooms,Percent; ROOMS - Total housing units - Median rooms,Percent Margin of Error; ROOMS - Total housing units - Median rooms,Estimate; BEDROOMS - Total housing units,Margin of Error; BEDROOMS - Total housing units,Percent; BEDROOMS - Total housing units,Percent Margin of Error; BEDROOMS - Total housing units,Estimate; BEDROOMS - Total housing units - No bedroom,Margin of Error; BEDROOMS - Total housing units - No bedroom,Percent; BEDROOMS - Total housing units - No bedroom,Percent Margin of Error; BEDROOMS - Total housing units - No bedroom,Estimate; BEDROOMS - Total housing units - 1 bedroom,Margin of Error; BEDROOMS - Total housing units - 1 bedroom,Percent; BEDROOMS - Total housing units - 1 bedroom,Percent Margin of Error; BEDROOMS - Total housing units - 1 bedroom,Estimate; BEDROOMS - Total housing units - 2 bedrooms,Margin of Error; BEDROOMS - Total housing units - 2 bedrooms,Percent; BEDROOMS - Total housing units - 2 bedrooms,Percent Margin of Error; BEDROOMS - Total housing units - 2 bedrooms,Estimate; BEDROOMS - Total housing units - 3 bedrooms,Margin of Error; BEDROOMS - Total housing units - 3 bedrooms,Percent; BEDROOMS - Total housing units - 3 bedrooms,Percent Margin of Error; BEDROOMS - Total housing units - 3 bedrooms,Estimate; BEDROOMS - Total housing units - 4 bedrooms,Margin of Error; BEDROOMS - Total housing units - 4 bedrooms,Percent; BEDROOMS - Total housing units - 4 bedrooms,Percent Margin of Error; BEDROOMS - Total housing units - 4 bedrooms,Estimate; BEDROOMS - Total housing units - 5 or more bedrooms,Margin of Error; BEDROOMS - Total housing units - 5 or more bedrooms,Percent; BEDROOMS - Total housing units - 5 or more bedrooms,Percent Margin of Error; BEDROOMS - Total housing units - 5 or more bedrooms,Estimate; HOUSING TENURE - Occupied housing units,Margin of Error; HOUSING TENURE - Occupied housing units,Percent; HOUSING TENURE - Occupied housing units,Percent Margin of Error; HOUSING TENURE - Occupied housing units,Estimate; HOUSING TENURE - Occupied housing units - Owner-occupied,Margin of Error; HOUSING TENURE - Occupied housing units - Owner-occupied,Percent; HOUSING TENURE - Occupied housing units - Owner-occupied,Percent Margin of Error; HOUSING TENURE - Occupied housing units - Owner-occupied,Estimate; HOUSING TENURE - Occupied housing units - Renter-occupied,Margin of Error; HOUSING TENURE - Occupied housing units - Renter-occupied,Percent; HOUSING TENURE - Occupied housing units - Renter-occupied,Percent Margin of Error; HOUSING TENURE - Occupied housing units - Renter-occupied,Estimate; HOUSING TENURE - Average household size of owner-occupied unit,Margin of Error; HOUSING TENURE - Average household size of owner-occupied unit,Percent; HOUSING TENURE - Average household size of owner-occupied unit,Percent Margin of Error; HOUSING TENURE - Average household size of owner-occupied unit,Estimate; HOUSING TENURE - Average household size of renter-occupied unit,Margin of Error; HOUSING TENURE - Average household size of renter-occupied unit,Percent; HOUSING TENURE - Average household size of renter-occupied unit,Percent Margin of Error; HOUSING TENURE - Average household size of renter-occupied unit,Estimate; YEAR HOUSEHOLDER MOVED INTO UNIT - Occupied housing units,Margin of Error; YEAR HOUSEHOLDER MOVED INTO UNIT - Occupied housing units,Percent; YEAR HOUSEHOLDER MOVED INTO UNIT - Occupied housing units,Percent Margin of Error; YEAR HOUSEHOLDER MOVED INTO UNIT - Occupied housing units,Estimate; YEAR HOUSEHOLDER MOVED INTO UNIT - Occupied housing units - Moved in 2015 or later,Margin of Error; YEAR HOUSEHOLDER MOVED INTO UNIT - Occupied housing units - Moved in 2015 or later,Percent; YEAR HOUSEHOLDER MOVED INTO UNIT - Occupied housing units - Moved in 2015 or later,Percent Margin of Error; YEAR HOUSEHOLDER MOVED INTO UNIT - Occupied housing units - Moved in 2015 or later,Estimate; YEAR HOUSEHOLDER MOVED INTO UNIT - Occupied housing units - Moved in 2010 to 2014,Margin of Error; YEAR HOUSEHOLDER MOVED INTO UNIT - Occupied housing units - Moved in 2010 to 2014,Percent; YEAR HOUSEHOLDER MOVED INTO UNIT - Occupied housing units - Moved in 2010 to 2014,Percent Margin of Error; YEAR HOUSEHOLDER MOVED INTO UNIT - Occupied housing units - Moved in 2010 to 2014,Estimate; YEAR HOUSEHOLDER MOVED INTO UNIT - Occupied housing units - Moved in 2000 to 2009,Margin of Error; YEAR HOUSEHOLDER MOVED INTO UNIT - Occupied housing units - Moved in 2000 to 2009,Percent; YEAR HOUSEHOLDER MOVED INTO UNIT - Occupied housing units - Moved in 2000 to 2009,Percent Margin of Error; YEAR HOUSEHOLDER MOVED INTO UNIT - Occupied housing units - Moved in 2000 to 2009,Estimate; YEAR HOUSEHOLDER MOVED INTO UNIT - Occupied housing units - Moved in 1990 to 1999,Margin of Error; YEAR HOUSEHOLDER MOVED INTO UNIT - Occupied housing units - Moved in 1990 to 1999,Percent; YEAR HOUSEHOLDER MOVED INTO UNIT - Occupied housing units - Moved in 1990 to 1999,Percent Margin of Error; YEAR HOUSEHOLDER MOVED INTO UNIT - Occupied housing units - Moved in 1990 to 1999,Estimate; YEAR HOUSEHOLDER MOVED INTO UNIT - Occupied housing units - Moved in 1980 to 1989,Margin of Error; YEAR HOUSEHOLDER MOVED INTO UNIT - Occupied housing units - Moved in 1980 to 1989,Percent; YEAR HOUSEHOLDER MOVED INTO UNIT - Occupied housing units - Moved in 1980 to 1989,Percent Margin of Error; YEAR HOUSEHOLDER MOVED INTO UNIT - Occupied housing units - Moved in 1980 to 1989,Estimate; YEAR HOUSEHOLDER MOVED INTO UNIT - Occupied housing units - Moved in 1979 and earlier,Margin of Error; YEAR HOUSEHOLDER MOVED INTO UNIT - Occupied housing units - Moved in 1979 and earlier,Percent; YEAR HOUSEHOLDER MOVED INTO UNIT - Occupied housing units - Moved in 1979 and earlier,Percent Margin of Error; YEAR HOUSEHOLDER MOVED INTO UNIT - Occupied housing units - Moved in 1979 and earlier,Estimate; VEHICLES AVAILABLE - Occupied housing units,Margin of Error; VEHICLES AVAILABLE - Occupied housing units,Percent; VEHICLES AVAILABLE - Occupied housing units,Percent Margin of Error; VEHICLES AVAILABLE - Occupied housing units,Estimate; VEHICLES AVAILABLE - Occupied housing units - No vehicles available,Margin of Error; VEHICLES AVAILABLE - Occupied housing units - No vehicles available,Percent; VEHICLES AVAILABLE - Occupied housing units - No vehicles available,Percent Margin of Error; VEHICLES AVAILABLE - Occupied housing units - No vehicles available,Estimate; VEHICLES AVAILABLE - Occupied housing units - 1 vehicle available,Margin of Error; VEHICLES AVAILABLE - Occupied housing units - 1 vehicle available,Percent; VEHICLES AVAILABLE - Occupied housing units - 1 vehicle available,Percent Margin of Error; VEHICLES AVAILABLE - Occupied housing units - 1 vehicle available,Estimate; VEHICLES AVAILABLE - Occupied housing units - 2 vehicles available,Margin of Error; VEHICLES AVAILABLE - Occupied housing units - 2 vehicles available,Percent; VEHICLES AVAILABLE - Occupied housing units - 2 vehicles available,Percent Margin of Error; VEHICLES AVAILABLE - Occupied housing units - 2 vehicles available,Estimate; VEHICLES AVAILABLE - Occupied housing units - 3 or more vehicles available,Margin of Error; VEHICLES AVAILABLE - Occupied housing units - 3 or more vehicles available,Percent; VEHICLES AVAILABLE - Occupied housing units - 3 or more vehicles available,Percent Margin of Error; VEHICLES AVAILABLE - Occupied housing units - 3 or more vehicles available,Estimate; HOUSE HEATING FUEL - Occupied housing units,Margin of Error; HOUSE HEATING FUEL - Occupied housing units,Percent; HOUSE HEATING FUEL - Occupied housing units,Percent Margin of Error; HOUSE HEATING FUEL - Occupied housing units,Estimate; HOUSE HEATING FUEL - Occupied housing units - Utility gas,Margin of Error; HOUSE HEATING FUEL - Occupied housing units - Utility gas,Percent; HOUSE HEATING FUEL - Occupied housing units - Utility gas,Percent Margin of Error; HOUSE HEATING FUEL - Occupied housing units - Utility gas,"Estimate; HOUSE HEATING FUEL - Occupied housing units - Bottled, tank, or LP gas","Margin of Error; HOUSE HEATING FUEL - Occupied housing units - Bottled, tank, or LP gas","Percent; HOUSE HEATING FUEL - Occupied housing units - Bottled, tank, or LP gas","Percent Margin of Error; HOUSE HEATING FUEL - Occupied housing units - Bottled, tank, or LP gas",Estimate; HOUSE HEATING FUEL - Occupied housing units - Electricity,Margin of Error; HOUSE HEATING FUEL - Occupied housing units - Electricity,Percent; HOUSE HEATING FUEL - Occupied housing units - Electricity,Percent Margin of Error; HOUSE HEATING FUEL - Occupied housing units - Electricity,"Estimate; HOUSE HEATING FUEL - Occupied housing units - Fuel oil, kerosene, etc.","Margin of Error; HOUSE HEATING FUEL - Occupied housing units - Fuel oil, kerosene, etc.","Percent; HOUSE HEATING FUEL - Occupied housing units - Fuel oil, kerosene, etc.","Percent Margin of Error; HOUSE HEATING FUEL - Occupied housing units - Fuel oil, kerosene, etc.",Estimate; HOUSE HEATING FUEL - Occupied housing units - Coal or coke,Margin of Error; HOUSE HEATING FUEL - Occupied housing units - Coal or coke,Percent; HOUSE HEATING FUEL - Occupied housing units - Coal or coke,Percent Margin of Error; HOUSE HEATING FUEL - Occupied housing units - Coal or coke,Estimate; HOUSE HEATING FUEL - Occupied housing units - Wood,Margin of Error; HOUSE HEATING FUEL - Occupied housing units - Wood,Percent; HOUSE HEATING FUEL - Occupied housing units - Wood,Percent Margin of Error; HOUSE HEATING FUEL - Occupied housing units - Wood,Estimate; HOUSE HEATING FUEL - Occupied housing units - Solar energy,Margin of Error; HOUSE HEATING FUEL - Occupied housing units - Solar energy,Percent; HOUSE HEATING FUEL - Occupied housing units - Solar energy,Percent Margin of Error; HOUSE HEATING FUEL - Occupied housing units - Solar energy,Estimate; HOUSE HEATING FUEL - Occupied housing units - Other fuel,Margin of Error; HOUSE HEATING FUEL - Occupied housing units - Other fuel,Percent; HOUSE HEATING FUEL - Occupied housing units - Other fuel,Percent Margin of Error; HOUSE HEATING FUEL - Occupied housing units - Other fuel,Estimate; HOUSE HEATING FUEL - Occupied housing units - No fuel used,Margin of Error; HOUSE HEATING FUEL - Occupied housing units - No fuel used,Percent; HOUSE HEATING FUEL - Occupied housing units - No fuel used,Percent Margin of Error; HOUSE HEATING FUEL - Occupied housing units - No fuel used,Estimate; SELECTED CHARACTERISTICS - Occupied housing units,Margin of Error; SELECTED CHARACTERISTICS - Occupied housing units,Percent; SELECTED CHARACTERISTICS - Occupied housing units,Percent Margin of Error; SELECTED CHARACTERISTICS - Occupied housing units,Estimate; SELECTED CHARACTERISTICS - Occupied housing units - Lacking complete plumbing facilities,Margin of Error; SELECTED CHARACTERISTICS - Occupied housing units - Lacking complete plumbing facilities,Percent; SELECTED CHARACTERISTICS - Occupied housing units - Lacking complete plumbing facilities,Percent Margin of Error; SELECTED CHARACTERISTICS - Occupied housing units - Lacking complete plumbing facilities,Estimate; SELECTED CHARACTERISTICS - Occupied housing units - Lacking complete kitchen facilities,Margin of Error; SELECTED CHARACTERISTICS - Occupied housing units - Lacking complete kitchen facilities,Percent; SELECTED CHARACTERISTICS - Occupied housing units - Lacking complete kitchen facilities,Percent Margin of Error; SELECTED CHARACTERISTICS - Occupied housing units - Lacking complete kitchen facilities,Estimate; SELECTED CHARACTERISTICS - Occupied housing units - No telephone service available,Margin of Error; SELECTED CHARACTERISTICS - Occupied housing units - No telephone service available,Percent; SELECTED CHARACTERISTICS - Occupied housing units - No telephone service available,Percent Margin of Error; SELECTED CHARACTERISTICS - Occupied housing units - No telephone service available,Estimate; OCCUPANTS PER ROOM - Occupied housing units,Margin of Error; OCCUPANTS PER ROOM - Occupied housing units,Percent; OCCUPANTS PER ROOM - Occupied housing units,Percent Margin of Error; OCCUPANTS PER ROOM - Occupied housing units,Estimate; OCCUPANTS PER ROOM - Occupied housing units - 1.00 or less,Margin of Error; OCCUPANTS PER ROOM - Occupied housing units - 1.00 or less,Percent; OCCUPANTS PER ROOM - Occupied housing units - 1.00 or less,Percent Margin of Error; OCCUPANTS PER ROOM - Occupied housing units - 1.00 or less,Estimate; OCCUPANTS PER ROOM - Occupied housing units - 1.01 to 1.50,Margin of Error; OCCUPANTS PER ROOM - Occupied housing units - 1.01 to 1.50,Percent; OCCUPANTS PER ROOM - Occupied housing units - 1.01 to 1.50,Percent Margin of Error; OCCUPANTS PER ROOM - Occupied housing units - 1.01 to 1.50,Estimate; OCCUPANTS PER ROOM - Occupied housing units - 1.51 or more,Margin of Error; OCCUPANTS PER ROOM - Occupied housing units - 1.51 or more,Percent; OCCUPANTS PER ROOM - Occupied housing units - 1.51 or more,Percent Margin of Error; OCCUPANTS PER ROOM - Occupied housing units - 1.51 or more,Estimate; VALUE - Owner-occupied units,Margin of Error; VALUE - Owner-occupied units,Percent; VALUE - Owner-occupied units,Percent Margin of Error; VALUE - Owner-occupied units,"Estimate; VALUE - Owner-occupied units - Less than $50,000","Margin of Error; VALUE - Owner-occupied units - Less than $50,000","Percent; VALUE - Owner-occupied units - Less than $50,000","Percent Margin of Error; VALUE - Owner-occupied units - Less than $50,000","Estimate; VALUE - Owner-occupied units - $50,000 to $99,999","Margin of Error; VALUE - Owner-occupied units - $50,000 to $99,999","Percent; VALUE - Owner-occupied units - $50,000 to $99,999","Percent Margin of Error; VALUE - Owner-occupied units - $50,000 to $99,999","Estimate; VALUE - Owner-occupied units - $100,000 to $149,999","Margin of Error; VALUE - Owner-occupied units - $100,000 to $149,999","Percent; VALUE - Owner-occupied units - $100,000 to $149,999","Percent Margin of Error; VALUE - Owner-occupied units - $100,000 to $149,999","Estimate; VALUE - Owner-occupied units - $150,000 to $199,999","Margin of Error; VALUE - Owner-occupied units - $150,000 to $199,999","Percent; VALUE - Owner-occupied units - $150,000 to $199,999","Percent Margin of Error; VALUE - Owner-occupied units - $150,000 to $199,999","Estimate; VALUE - Owner-occupied units - $200,000 to $299,999","Margin of Error; VALUE - Owner-occupied units - $200,000 to $299,999","Percent; VALUE - Owner-occupied units - $200,000 to $299,999","Percent Margin of Error; VALUE - Owner-occupied units - $200,000 to $299,999","Estimate; VALUE - Owner-occupied units - $300,000 to $499,999","Margin of Error; VALUE - Owner-occupied units - $300,000 to $499,999","Percent; VALUE - Owner-occupied units - $300,000 to $499,999","Percent Margin of Error; VALUE - Owner-occupied units - $300,000 to $499,999","Estimate; VALUE - Owner-occupied units - $500,000 to $999,999","Margin of Error; VALUE - Owner-occupied units - $500,000 to $999,999","Percent; VALUE - Owner-occupied units - $500,000 to $999,999","Percent Margin of Error; VALUE - Owner-occupied units - $500,000 to $999,999","Estimate; VALUE - Owner-occupied units - $1,000,000 or more","Margin of Error; VALUE - Owner-occupied units - $1,000,000 or more","Percent; VALUE - Owner-occupied units - $1,000,000 or more","Percent Margin of Error; VALUE - Owner-occupied units - $1,000,000 or more",Estimate; VALUE - Owner-occupied units - Median (dollars),Margin of Error; VALUE - Owner-occupied units - Median (dollars),Percent; VALUE - Owner-occupied units - Median (dollars),Percent Margin of Error; VALUE - Owner-occupied units - Median (dollars),Estimate; MORTGAGE STATUS - Owner-occupied units,Margin of Error; MORTGAGE STATUS - Owner-occupied units,Percent; MORTGAGE STATUS - Owner-occupied units,Percent Margin of Error; MORTGAGE STATUS - Owner-occupied units,Estimate; MORTGAGE STATUS - Owner-occupied units - Housing units with a mortgage,Margin of Error; MORTGAGE STATUS - Owner-occupied units - Housing units with a mortgage,Percent; MORTGAGE STATUS - Owner-occupied units - Housing units with a mortgage,Percent Margin of Error; MORTGAGE STATUS - Owner-occupied units - Housing units with a mortgage,Estimate; MORTGAGE STATUS - Owner-occupied units - Housing units without a mortgage,Margin of Error; MORTGAGE STATUS - Owner-occupied units - Housing units without a mortgage,Percent; MORTGAGE STATUS - Owner-occupied units - Housing units without a mortgage,Percent Margin of Error; MORTGAGE STATUS - Owner-occupied units - Housing units without a mortgage,Estimate; SELECTED MONTHLY OWNER COSTS (SMOC) - Housing units with a mortgage,Margin of Error; SELECTED MONTHLY OWNER COSTS (SMOC) - Housing units with a mortgage,Percent; SELECTED MONTHLY OWNER COSTS (SMOC) - Housing units with a mortgage,Percent Margin of Error; SELECTED MONTHLY OWNER COSTS (SMOC) - Housing units with a mortgage,Estimate; SELECTED MONTHLY OWNER COSTS (SMOC) - Housing units with a mortgage - Less than $500,Margin of Error; SELECTED MONTHLY OWNER COSTS (SMOC) - Housing units with a mortgage - Less than $500,Percent; SELECTED MONTHLY OWNER COSTS (SMOC) - Housing units with a mortgage - Less than $500,Percent Margin of Error; SELECTED MONTHLY OWNER COSTS (SMOC) - Housing units with a mortgage - Less than $500,Estimate; SELECTED MONTHLY OWNER COSTS (SMOC) - Housing units with a mortgage - $500 to $999,Margin of Error; SELECTED MONTHLY OWNER COSTS (SMOC) - Housing units with a mortgage - $500 to $999,Percent; SELECTED MONTHLY OWNER COSTS (SMOC) - Housing units with a mortgage - $500 to $999,Percent Margin of Error; SELECTED MONTHLY OWNER COSTS (SMOC) - Housing units with a mortgage - $500 to $999,"Estimate; SELECTED MONTHLY OWNER COSTS (SMOC) - Housing units with a mortgage - $1,000 to $1,499","Margin of Error; SELECTED MONTHLY OWNER COSTS (SMOC) - Housing units with a mortgage - $1,000 to $1,499","Percent; SELECTED MONTHLY OWNER COSTS (SMOC) - Housing units with a mortgage - $1,000 to $1,499","Percent Margin of Error; SELECTED MONTHLY OWNER COSTS (SMOC) - Housing units with a mortgage - $1,000 to $1,499","Estimate; SELECTED MONTHLY OWNER COSTS (SMOC) - Housing units with a mortgage - $1,500 to $1,999","Margin of Error; SELECTED MONTHLY OWNER COSTS (SMOC) - Housing units with a mortgage - $1,500 to $1,999","Percent; SELECTED MONTHLY OWNER COSTS (SMOC) - Housing units with a mortgage - $1,500 to $1,999","Percent Margin of Error; SELECTED MONTHLY OWNER COSTS (SMOC) - Housing units with a mortgage - $1,500 to $1,999","Estimate; SELECTED MONTHLY OWNER COSTS (SMOC) - Housing units with a mortgage - $2,000 to $2,499","Margin of Error; SELECTED MONTHLY OWNER COSTS (SMOC) - Housing units with a mortgage - $2,000 to $2,499","Percent; SELECTED MONTHLY OWNER COSTS (SMOC) - Housing units with a mortgage - $2,000 to $2,499","Percent Margin of Error; SELECTED MONTHLY OWNER COSTS (SMOC) - Housing units with a mortgage - $2,000 to $2,499","Estimate; SELECTED MONTHLY OWNER COSTS (SMOC) - Housing units with a mortgage - $2,500 to $2,999","Margin of Error; SELECTED MONTHLY OWNER COSTS (SMOC) - Housing units with a mortgage - $2,500 to $2,999","Percent; SELECTED MONTHLY OWNER COSTS (SMOC) - Housing units with a mortgage - $2,500 to $2,999","Percent Margin of Error; SELECTED MONTHLY OWNER COSTS (SMOC) - Housing units with a mortgage - $2,500 to $2,999","Estimate; SELECTED MONTHLY OWNER COSTS (SMOC) - Housing units with a mortgage - $3,000 or more","Margin of Error; SELECTED MONTHLY OWNER COSTS (SMOC) - Housing units with a mortgage - $3,000 or more","Percent; SELECTED MONTHLY OWNER COSTS (SMOC) - Housing units with a mortgage - $3,000 or more","Percent Margin of Error; SELECTED MONTHLY OWNER COSTS (SMOC) - Housing units with a mortgage - $3,000 or more",Estimate; SELECTED MONTHLY OWNER COSTS (SMOC) - Housing units with a mortgage - Median (dollars),Margin of Error; SELECTED MONTHLY OWNER COSTS (SMOC) - Housing units with a mortgage - Median (dollars),Percent; SELECTED MONTHLY OWNER COSTS (SMOC) - Housing units with a mortgage - Median (dollars),Percent Margin of Error; SELECTED MONTHLY OWNER COSTS (SMOC) - Housing units with a mortgage - Median (dollars),Estimate; SELECTED MONTHLY OWNER COSTS (SMOC) - Housing units without a mortgage,Margin of Error; SELECTED MONTHLY OWNER COSTS (SMOC) - Housing units without a mortgage,Percent; SELECTED MONTHLY OWNER COSTS (SMOC) - Housing units without a mortgage,Percent Margin of Error; SELECTED MONTHLY OWNER COSTS (SMOC) - Housing units without a mortgage,Estimate; SELECTED MONTHLY OWNER COSTS (SMOC) - Housing units without a mortgage - Less than $250,Margin of Error; SELECTED MONTHLY OWNER COSTS (SMOC) - Housing units without a mortgage - Less than $250,Percent; SELECTED MONTHLY OWNER COSTS (SMOC) - Housing units without a mortgage - Less than $250,Percent Margin of Error; SELECTED MONTHLY OWNER COSTS (SMOC) - Housing units without a mortgage - Less than $250,Estimate; SELECTED MONTHLY OWNER COSTS (SMOC) - Housing units without a mortgage - $250 to $399,Margin of Error; SELECTED MONTHLY OWNER COSTS (SMOC) - Housing units without a mortgage - $250 to $399,Percent; SELECTED MONTHLY OWNER COSTS (SMOC) - Housing units without a mortgage - $250 to $399,Percent Margin of Error; SELECTED MONTHLY OWNER COSTS (SMOC) - Housing units without a mortgage - $250 to $399,Estimate; SELECTED MONTHLY OWNER COSTS (SMOC) - Housing units without a mortgage - $400 to $599,Margin of Error; SELECTED MONTHLY OWNER COSTS (SMOC) - Housing units without a mortgage - $400 to $599,Percent; SELECTED MONTHLY OWNER COSTS (SMOC) - Housing units without a mortgage - $400 to $599,Percent Margin of Error; SELECTED MONTHLY OWNER COSTS (SMOC) - Housing units without a mortgage - $400 to $599,Estimate; SELECTED MONTHLY OWNER COSTS (SMOC) - Housing units without a mortgage - $600 to $799,Margin of Error; SELECTED MONTHLY OWNER COSTS (SMOC) - Housing units without a mortgage - $600 to $799,Percent; SELECTED MONTHLY OWNER COSTS (SMOC) - Housing units without a mortgage - $600 to $799,Percent Margin of Error; SELECTED MONTHLY OWNER COSTS (SMOC) - Housing units without a mortgage - $600 to $799,Estimate; SELECTED MONTHLY OWNER COSTS (SMOC) - Housing units without a mortgage - $800 to $999,Margin of Error; SELECTED MONTHLY OWNER COSTS (SMOC) - Housing units without a mortgage - $800 to $999,Percent; SELECTED MONTHLY OWNER COSTS (SMOC) - Housing units without a mortgage - $800 to $999,Percent Margin of Error; SELECTED MONTHLY OWNER COSTS (SMOC) - Housing units without a mortgage - $800 to $999,"Estimate; SELECTED MONTHLY OWNER COSTS (SMOC) - Housing units without a mortgage - $1,000 or more","Margin of Error; SELECTED MONTHLY OWNER COSTS (SMOC) - Housing units without a mortgage - $1,000 or more","Percent; SELECTED MONTHLY OWNER COSTS (SMOC) - Housing units without a mortgage - $1,000 or more","Percent Margin of Error; SELECTED MONTHLY OWNER COSTS (SMOC) - Housing units without a mortgage - $1,000 or more",Estimate; SELECTED MONTHLY OWNER COSTS (SMOC) - Housing units without a mortgage - Median (dollars),Margin of Error; SELECTED MONTHLY OWNER COSTS (SMOC) - Housing units without a mortgage - Median (dollars),Percent; SELECTED MONTHLY OWNER COSTS (SMOC) - Housing units without a mortgage - Median (dollars),Percent Margin of Error; SELECTED MONTHLY OWNER COSTS (SMOC) - Housing units without a mortgage - Median (dollars),Estimate; SELECTED MONTHLY OWNER COSTS AS A PERCENTAGE OF HOUSEHOLD INCOME (SMOCAPI) - Housing units with a mortgage (excluding units where SMOCAPI cannot be computed),Margin of Error; SELECTED MONTHLY OWNER COSTS AS A PERCENTAGE OF HOUSEHOLD INCOME (SMOCAPI) - Housing units with a mortgage (excluding units where SMOCAPI cannot be computed),Percent; SELECTED MONTHLY OWNER COSTS AS A PERCENTAGE OF HOUSEHOLD INCOME (SMOCAPI) - Housing units with a mortgage (excluding units where SMOCAPI cannot be computed),Percent Margin of Error; SELECTED MONTHLY OWNER COSTS AS A PERCENTAGE OF HOUSEHOLD INCOME (SMOCAPI) - Housing units with a mortgage (excluding units where SMOCAPI cannot be computed),Estimate; SELECTED MONTHLY OWNER COSTS AS A PERCENTAGE OF HOUSEHOLD INCOME (SMOCAPI) - Housing units with a mortgage (excluding units where SMOCAPI cannot be computed) - Less than 20.0 percent,Margin of Error; SELECTED MONTHLY OWNER COSTS AS A PERCENTAGE OF HOUSEHOLD INCOME (SMOCAPI) - Housing units with a mortgage (excluding units where SMOCAPI cannot be computed) - Less than 20.0 percent,Percent; SELECTED MONTHLY OWNER COSTS AS A PERCENTAGE OF HOUSEHOLD INCOME (SMOCAPI) - Housing units with a mortgage (excluding units where SMOCAPI cannot be computed) - Less than 20.0 percent,Percent Margin of Error; SELECTED MONTHLY OWNER COSTS AS A PERCENTAGE OF HOUSEHOLD INCOME (SMOCAPI) - Housing units with a mortgage (excluding units where SMOCAPI cannot be computed) - Less than 20.0 percent,Estimate; SELECTED MONTHLY OWNER COSTS AS A PERCENTAGE OF HOUSEHOLD INCOME (SMOCAPI) - Housing units with a mortgage (excluding units where SMOCAPI cannot be computed) - 20.0 to 24.9 percent,Margin of Error; SELECTED MONTHLY OWNER COSTS AS A PERCENTAGE OF HOUSEHOLD INCOME (SMOCAPI) - Housing units with a mortgage (excluding units where SMOCAPI cannot be computed) - 20.0 to 24.9 percent,Percent; SELECTED MONTHLY OWNER COSTS AS A PERCENTAGE OF HOUSEHOLD INCOME (SMOCAPI) - Housing units with a mortgage (excluding units where SMOCAPI cannot be computed) - 20.0 to 24.9 percent,Percent Margin of Error; SELECTED MONTHLY OWNER COSTS AS A PERCENTAGE OF HOUSEHOLD INCOME (SMOCAPI) - Housing units with a mortgage (excluding units where SMOCAPI cannot be computed) - 20.0 to 24.9 percent,Estimate; SELECTED MONTHLY OWNER COSTS AS A PERCENTAGE OF HOUSEHOLD INCOME (SMOCAPI) - Housing units with a mortgage (excluding units where SMOCAPI cannot be computed) - 25.0 to 29.9 percent,Margin of Error; SELECTED MONTHLY OWNER COSTS AS A PERCENTAGE OF HOUSEHOLD INCOME (SMOCAPI) - Housing units with a mortgage (excluding units where SMOCAPI cannot be computed) - 25.0 to 29.9 percent,Percent; SELECTED MONTHLY OWNER COSTS AS A PERCENTAGE OF HOUSEHOLD INCOME (SMOCAPI) - Housing units with a mortgage (excluding units where SMOCAPI cannot be computed) - 25.0 to 29.9 percent,Percent Margin of Error; SELECTED MONTHLY OWNER COSTS AS A PERCENTAGE OF HOUSEHOLD INCOME (SMOCAPI) - Housing units with a mortgage (excluding units where SMOCAPI cannot be computed) - 25.0 to 29.9 percent,Estimate; SELECTED MONTHLY OWNER COSTS AS A PERCENTAGE OF HOUSEHOLD INCOME (SMOCAPI) - Housing units with a mortgage (excluding units where SMOCAPI cannot be computed) - 30.0 to 34.9 percent,Margin of Error; SELECTED MONTHLY OWNER COSTS AS A PERCENTAGE OF HOUSEHOLD INCOME (SMOCAPI) - Housing units with a mortgage (excluding units where SMOCAPI cannot be computed) - 30.0 to 34.9 percent,Percent; SELECTED MONTHLY OWNER COSTS AS A PERCENTAGE OF HOUSEHOLD INCOME (SMOCAPI) - Housing units with a mortgage (excluding units where SMOCAPI cannot be computed) - 30.0 to 34.9 percent,Percent Margin of Error; SELECTED MONTHLY OWNER COSTS AS A PERCENTAGE OF HOUSEHOLD INCOME (SMOCAPI) - Housing units with a mortgage (excluding units where SMOCAPI cannot be computed) - 30.0 to 34.9 percent,Estimate; SELECTED MONTHLY OWNER COSTS AS A PERCENTAGE OF HOUSEHOLD INCOME (SMOCAPI) - Housing units with a mortgage (excluding units where SMOCAPI cannot be computed) - 35.0 percent or more,Margin of Error; SELECTED MONTHLY OWNER COSTS AS A PERCENTAGE OF HOUSEHOLD INCOME (SMOCAPI) - Housing units with a mortgage (excluding units where SMOCAPI cannot be computed) - 35.0 percent or more,Percent; SELECTED MONTHLY OWNER COSTS AS A PERCENTAGE OF HOUSEHOLD INCOME (SMOCAPI) - Housing units with a mortgage (excluding units where SMOCAPI cannot be computed) - 35.0 percent or more,Percent Margin of Error; SELECTED MONTHLY OWNER COSTS AS A PERCENTAGE OF HOUSEHOLD INCOME (SMOCAPI) - Housing units with a mortgage (excluding units where SMOCAPI cannot be computed) - 35.0 percent or more,Estimate; SELECTED MONTHLY OWNER COSTS AS A PERCENTAGE OF HOUSEHOLD INCOME (SMOCAPI) - Not computed,Margin of Error; SELECTED MONTHLY OWNER COSTS AS A PERCENTAGE OF HOUSEHOLD INCOME (SMOCAPI) - Not computed,Percent; SELECTED MONTHLY OWNER COSTS AS A PERCENTAGE OF HOUSEHOLD INCOME (SMOCAPI) - Not computed,Percent Margin of Error; SELECTED MONTHLY OWNER COSTS AS A PERCENTAGE OF HOUSEHOLD INCOME (SMOCAPI) - Not computed,Estimate; SELECTED MONTHLY OWNER COSTS AS A PERCENTAGE OF HOUSEHOLD INCOME (SMOCAPI) - Housing unit without a mortgage (excluding units where SMOCAPI cannot be computed),Margin of Error; SELECTED MONTHLY OWNER COSTS AS A PERCENTAGE OF HOUSEHOLD INCOME (SMOCAPI) - Housing unit without a mortgage (excluding units where SMOCAPI cannot be computed),Percent; SELECTED MONTHLY OWNER COSTS AS A PERCENTAGE OF HOUSEHOLD INCOME (SMOCAPI) - Housing unit without a mortgage (excluding units where SMOCAPI cannot be computed),Percent Margin of Error; SELECTED MONTHLY OWNER COSTS AS A PERCENTAGE OF HOUSEHOLD INCOME (SMOCAPI) - Housing unit without a mortgage (excluding units where SMOCAPI cannot be computed),Estimate; SELECTED MONTHLY OWNER COSTS AS A PERCENTAGE OF HOUSEHOLD INCOME (SMOCAPI) - Housing unit without a mortgage (excluding units where SMOCAPI cannot be computed) - Less than 10.0 percent,Margin of Error; SELECTED MONTHLY OWNER COSTS AS A PERCENTAGE OF HOUSEHOLD INCOME (SMOCAPI) - Housing unit without a mortgage (excluding units where SMOCAPI cannot be computed) - Less than 10.0 percent,Percent; SELECTED MONTHLY OWNER COSTS AS A PERCENTAGE OF HOUSEHOLD INCOME (SMOCAPI) - Housing unit without a mortgage (excluding units where SMOCAPI cannot be computed) - Less than 10.0 percent,Percent Margin of Error; SELECTED MONTHLY OWNER COSTS AS A PERCENTAGE OF HOUSEHOLD INCOME (SMOCAPI) - Housing unit without a mortgage (excluding units where SMOCAPI cannot be computed) - Less than 10.0 percent,Estimate; SELECTED MONTHLY OWNER COSTS AS A PERCENTAGE OF HOUSEHOLD INCOME (SMOCAPI) - Housing unit without a mortgage (excluding units where SMOCAPI cannot be computed) - 10.0 to 14.9 percent,Margin of Error; SELECTED MONTHLY OWNER COSTS AS A PERCENTAGE OF HOUSEHOLD INCOME (SMOCAPI) - Housing unit without a mortgage (excluding units where SMOCAPI cannot be computed) - 10.0 to 14.9 percent,Percent; SELECTED MONTHLY OWNER COSTS AS A PERCENTAGE OF HOUSEHOLD INCOME (SMOCAPI) - Housing unit without a mortgage (excluding units where SMOCAPI cannot be computed) - 10.0 to 14.9 percent,Percent Margin of Error; SELECTED MONTHLY OWNER COSTS AS A PERCENTAGE OF HOUSEHOLD INCOME (SMOCAPI) - Housing unit without a mortgage (excluding units where SMOCAPI cannot be computed) - 10.0 to 14.9 percent,Estimate; SELECTED MONTHLY OWNER COSTS AS A PERCENTAGE OF HOUSEHOLD INCOME (SMOCAPI) - Housing unit without a mortgage (excluding units where SMOCAPI cannot be computed) - 15.0 to 19.9 percent,Margin of Error; SELECTED MONTHLY OWNER COSTS AS A PERCENTAGE OF HOUSEHOLD INCOME (SMOCAPI) - Housing unit without a mortgage (excluding units where SMOCAPI cannot be computed) - 15.0 to 19.9 percent,Percent; SELECTED MONTHLY OWNER COSTS AS A PERCENTAGE OF HOUSEHOLD INCOME (SMOCAPI) - Housing unit without a mortgage (excluding units where SMOCAPI cannot be computed) - 15.0 to 19.9 percent,Percent Margin of Error; SELECTED MONTHLY OWNER COSTS AS A PERCENTAGE OF HOUSEHOLD INCOME (SMOCAPI) - Housing unit without a mortgage (excluding units where SMOCAPI cannot be computed) - 15.0 to 19.9 percent,Estimate; SELECTED MONTHLY OWNER COSTS AS A PERCENTAGE OF HOUSEHOLD INCOME (SMOCAPI) - Housing unit without a mortgage (excluding units where SMOCAPI cannot be computed) - 20.0 to 24.9 percent,Margin of Error; SELECTED MONTHLY OWNER COSTS AS A PERCENTAGE OF HOUSEHOLD INCOME (SMOCAPI) - Housing unit without a mortgage (excluding units where SMOCAPI cannot be computed) - 20.0 to 24.9 percent,Percent; SELECTED MONTHLY OWNER COSTS AS A PERCENTAGE OF HOUSEHOLD INCOME (SMOCAPI) - Housing unit without a mortgage (excluding units where SMOCAPI cannot be computed) - 20.0 to 24.9 percent,Percent Margin of Error; SELECTED MONTHLY OWNER COSTS AS A PERCENTAGE OF HOUSEHOLD INCOME (SMOCAPI) - Housing unit without a mortgage (excluding units where SMOCAPI cannot be computed) - 20.0 to 24.9 percent,Estimate; SELECTED MONTHLY OWNER COSTS AS A PERCENTAGE OF HOUSEHOLD INCOME (SMOCAPI) - Housing unit without a mortgage (excluding units where SMOCAPI cannot be computed) - 25.0 to 29.9 percent,Margin of Error; SELECTED MONTHLY OWNER COSTS AS A PERCENTAGE OF HOUSEHOLD INCOME (SMOCAPI) - Housing unit without a mortgage (excluding units where SMOCAPI cannot be computed) - 25.0 to 29.9 percent,Percent; SELECTED MONTHLY OWNER COSTS AS A PERCENTAGE OF HOUSEHOLD INCOME (SMOCAPI) - Housing unit without a mortgage (excluding units where SMOCAPI cannot be computed) - 25.0 to 29.9 percent,Percent Margin of Error; SELECTED MONTHLY OWNER COSTS AS A PERCENTAGE OF HOUSEHOLD INCOME (SMOCAPI) - Housing unit without a mortgage (excluding units where SMOCAPI cannot be computed) - 25.0 to 29.9 percent,Estimate; SELECTED MONTHLY OWNER COSTS AS A PERCENTAGE OF HOUSEHOLD INCOME (SMOCAPI) - Housing unit without a mortgage (excluding units where SMOCAPI cannot be computed) - 30.0 to 34.9 percent,Margin of Error; SELECTED MONTHLY OWNER COSTS AS A PERCENTAGE OF HOUSEHOLD INCOME (SMOCAPI) - Housing unit without a mortgage (excluding units where SMOCAPI cannot be computed) - 30.0 to 34.9 percent,Percent; SELECTED MONTHLY OWNER COSTS AS A PERCENTAGE OF HOUSEHOLD INCOME (SMOCAPI) - Housing unit without a mortgage (excluding units where SMOCAPI cannot be computed) - 30.0 to 34.9 percent,Percent Margin of Error; SELECTED MONTHLY OWNER COSTS AS A PERCENTAGE OF HOUSEHOLD INCOME (SMOCAPI) - Housing unit without a mortgage (excluding units where SMOCAPI cannot be computed) - 30.0 to 34.9 percent,Estimate; SELECTED MONTHLY OWNER COSTS AS A PERCENTAGE OF HOUSEHOLD INCOME (SMOCAPI) - Housing unit without a mortgage (excluding units where SMOCAPI cannot be computed) - 35.0 percent or more,Margin of Error; SELECTED MONTHLY OWNER COSTS AS A PERCENTAGE OF HOUSEHOLD INCOME (SMOCAPI) - Housing unit without a mortgage (excluding units where SMOCAPI cannot be computed) - 35.0 percent or more,Percent; SELECTED MONTHLY OWNER COSTS AS A PERCENTAGE OF HOUSEHOLD INCOME (SMOCAPI) - Housing unit without a mortgage (excluding units where SMOCAPI cannot be computed) - 35.0 percent or more,Percent Margin of Error; SELECTED MONTHLY OWNER COSTS AS A PERCENTAGE OF HOUSEHOLD INCOME (SMOCAPI) - Housing unit without a mortgage (excluding units where SMOCAPI cannot be computed) - 35.0 percent or more,Estimate; SELECTED MONTHLY OWNER COSTS AS A PERCENTAGE OF HOUSEHOLD INCOME (SMOCAPI) - Not computed,Margin of Error; SELECTED MONTHLY OWNER COSTS AS A PERCENTAGE OF HOUSEHOLD INCOME (SMOCAPI) - Not computed,Percent; SELECTED MONTHLY OWNER COSTS AS A PERCENTAGE OF HOUSEHOLD INCOME (SMOCAPI) - Not computed,Percent Margin of Error; SELECTED MONTHLY OWNER COSTS AS A PERCENTAGE OF HOUSEHOLD INCOME (SMOCAPI) - Not computed,Estimate; GROSS RENT - Occupied units paying rent,Margin of Error; GROSS RENT - Occupied units paying rent,Percent; GROSS RENT - Occupied units paying rent,Percent Margin of Error; GROSS RENT - Occupied units paying rent,Estimate; GROSS RENT - Occupied units paying rent - Less than $500,Margin of Error; GROSS RENT - Occupied units paying rent - Less than $500,Percent; GROSS RENT - Occupied units paying rent - Less than $500,Percent Margin of Error; GROSS RENT - Occupied units paying rent - Less than $500,Estimate; GROSS RENT - Occupied units paying rent - $500 to $999,Margin of Error; GROSS RENT - Occupied units paying rent - $500 to $999,Percent; GROSS RENT - Occupied units paying rent - $500 to $999,Percent Margin of Error; GROSS RENT - Occupied units paying rent - $500 to $999,"Estimate; GROSS RENT - Occupied units paying rent - $1,000 to $1,499","Margin of Error; GROSS RENT - Occupied units paying rent - $1,000 to $1,499","Percent; GROSS RENT - Occupied units paying rent - $1,000 to $1,499","Percent Margin of Error; GROSS RENT - Occupied units paying rent - $1,000 to $1,499","Estimate; GROSS RENT - Occupied units paying rent - $1,500 to $1,999","Margin of Error; GROSS RENT - Occupied units paying rent - $1,500 to $1,999","Percent; GROSS RENT - Occupied units paying rent - $1,500 to $1,999","Percent Margin of Error; GROSS RENT - Occupied units paying rent - $1,500 to $1,999","Estimate; GROSS RENT - Occupied units paying rent - $2,000 to $2,499","Margin of Error; GROSS RENT - Occupied units paying rent - $2,000 to $2,499","Percent; GROSS RENT - Occupied units paying rent - $2,000 to $2,499","Percent Margin of Error; GROSS RENT - Occupied units paying rent - $2,000 to $2,499","Estimate; GROSS RENT - Occupied units paying rent - $2,500 to $2,999","Margin of Error; GROSS RENT - Occupied units paying rent - $2,500 to $2,999","Percent; GROSS RENT - Occupied units paying rent - $2,500 to $2,999","Percent Margin of Error; GROSS RENT - Occupied units paying rent - $2,500 to $2,999","Estimate; GROSS RENT - Occupied units paying rent - $3,000 or more","Margin of Error; GROSS RENT - Occupied units paying rent - $3,000 or more","Percent; GROSS RENT - Occupied units paying rent - $3,000 or more","Percent Margin of Error; GROSS RENT - Occupied units paying rent - $3,000 or more",Estimate; GROSS RENT - Occupied units paying rent - Median (dollars),Margin of Error; GROSS RENT - Occupied units paying rent - Median (dollars),Percent; GROSS RENT - Occupied units paying rent - Median (dollars),Percent Margin of Error; GROSS RENT - Occupied units paying rent - Median (dollars),Estimate; GROSS RENT - No rent paid,Margin of Error; GROSS RENT - No rent paid,Percent; GROSS RENT - No rent paid,Percent Margin of Error; GROSS RENT - No rent paid,Estimate; GROSS RENT AS A PERCENTAGE OF HOUSEHOLD INCOME (GRAPI) - Occupied units paying rent (excluding units where GRAPI cannot be computed),Margin of Error; GROSS RENT AS A PERCENTAGE OF HOUSEHOLD INCOME (GRAPI) - Occupied units paying rent (excluding units where GRAPI cannot be computed),Percent; GROSS RENT AS A PERCENTAGE OF HOUSEHOLD INCOME (GRAPI) - Occupied units paying rent (excluding units where GRAPI cannot be computed),Percent Margin of Error; GROSS RENT AS A PERCENTAGE OF HOUSEHOLD INCOME (GRAPI) - Occupied units paying rent (excluding units where GRAPI cannot be computed),Estimate; GROSS RENT AS A PERCENTAGE OF HOUSEHOLD INCOME (GRAPI) - Occupied units paying rent (excluding units where GRAPI cannot be computed) - Less than 15.0 percent,Margin of Error; GROSS RENT AS A PERCENTAGE OF HOUSEHOLD INCOME (GRAPI) - Occupied units paying rent (excluding units where GRAPI cannot be computed) - Less than 15.0 percent,Percent; GROSS RENT AS A PERCENTAGE OF HOUSEHOLD INCOME (GRAPI) - Occupied units paying rent (excluding units where GRAPI cannot be computed) - Less than 15.0 percent,Percent Margin of Error; GROSS RENT AS A PERCENTAGE OF HOUSEHOLD INCOME (GRAPI) - Occupied units paying rent (excluding units where GRAPI cannot be computed) - Less than 15.0 percent,Estimate; GROSS RENT AS A PERCENTAGE OF HOUSEHOLD INCOME (GRAPI) - Occupied units paying rent (excluding units where GRAPI cannot be computed) - 15.0 to 19.9 percent,Margin of Error; GROSS RENT AS A PERCENTAGE OF HOUSEHOLD INCOME (GRAPI) - Occupied units paying rent (excluding units where GRAPI cannot be computed) - 15.0 to 19.9 percent,Percent; GROSS RENT AS A PERCENTAGE OF HOUSEHOLD INCOME (GRAPI) - Occupied units paying rent (excluding units where GRAPI cannot be computed) - 15.0 to 19.9 percent,Percent Margin of Error; GROSS RENT AS A PERCENTAGE OF HOUSEHOLD INCOME (GRAPI) - Occupied units paying rent (excluding units where GRAPI cannot be computed) - 15.0 to 19.9 percent,Estimate; GROSS RENT AS A PERCENTAGE OF HOUSEHOLD INCOME (GRAPI) - Occupied units paying rent (excluding units where GRAPI cannot be computed) - 20.0 to 24.9 percent,Margin of Error; GROSS RENT AS A PERCENTAGE OF HOUSEHOLD INCOME (GRAPI) - Occupied units paying rent (excluding units where GRAPI cannot be computed) - 20.0 to 24.9 percent,Percent; GROSS RENT AS A PERCENTAGE OF HOUSEHOLD INCOME (GRAPI) - Occupied units paying rent (excluding units where GRAPI cannot be computed) - 20.0 to 24.9 percent,Percent Margin of Error; GROSS RENT AS A PERCENTAGE OF HOUSEHOLD INCOME (GRAPI) - Occupied units paying rent (excluding units where GRAPI cannot be computed) - 20.0 to 24.9 percent,Estimate; GROSS RENT AS A PERCENTAGE OF HOUSEHOLD INCOME (GRAPI) - Occupied units paying rent (excluding units where GRAPI cannot be computed) - 25.0 to 29.9 percent,Margin of Error; GROSS RENT AS A PERCENTAGE OF HOUSEHOLD INCOME (GRAPI) - Occupied units paying rent (excluding units where GRAPI cannot be computed) - 25.0 to 29.9 percent,Percent; GROSS RENT AS A PERCENTAGE OF HOUSEHOLD INCOME (GRAPI) - Occupied units paying rent (excluding units where GRAPI cannot be computed) - 25.0 to 29.9 percent,Percent Margin of Error; GROSS RENT AS A PERCENTAGE OF HOUSEHOLD INCOME (GRAPI) - Occupied units paying rent (excluding units where GRAPI cannot be computed) - 25.0 to 29.9 percent,Estimate; GROSS RENT AS A PERCENTAGE OF HOUSEHOLD INCOME (GRAPI) - Occupied units paying rent (excluding units where GRAPI cannot be computed) - 30.0 to 34.9 percent,Margin of Error; GROSS RENT AS A PERCENTAGE OF HOUSEHOLD INCOME (GRAPI) - Occupied units paying rent (excluding units where GRAPI cannot be computed) - 30.0 to 34.9 percent,Percent; GROSS RENT AS A PERCENTAGE OF HOUSEHOLD INCOME (GRAPI) - Occupied units paying rent (excluding units where GRAPI cannot be computed) - 30.0 to 34.9 percent,Percent Margin of Error; GROSS RENT AS A PERCENTAGE OF HOUSEHOLD INCOME (GRAPI) - Occupied units paying rent (excluding units where GRAPI cannot be computed) - 30.0 to 34.9 percent,Estimate; GROSS RENT AS A PERCENTAGE OF HOUSEHOLD INCOME (GRAPI) - Occupied units paying rent (excluding units where GRAPI cannot be computed) - 35.0 percent or more,Margin of Error; GROSS RENT AS A PERCENTAGE OF HOUSEHOLD INCOME (GRAPI) - Occupied units paying rent (excluding units where GRAPI cannot be computed) - 35.0 percent or more,Percent; GROSS RENT AS A PERCENTAGE OF HOUSEHOLD INCOME (GRAPI) - Occupied units paying rent (excluding units where GRAPI cannot be computed) - 35.0 percent or more,Percent Margin of Error; GROSS RENT AS A PERCENTAGE OF HOUSEHOLD INCOME (GRAPI) - Occupied units paying rent (excluding units where GRAPI cannot be computed) - 35.0 percent or more,Estimate; GROSS RENT AS A PERCENTAGE OF HOUSEHOLD INCOME (GRAPI) - Not computed,Margin of Error; GROSS RENT AS A PERCENTAGE OF HOUSEHOLD INCOME (GRAPI) - Not computed,Percent; GROSS RENT AS A PERCENTAGE OF HOUSEHOLD INCOME (GRAPI) - Not computed,Percent Margin of Error; GROSS RENT AS A PERCENTAGE OF HOUSEHOLD INCOME (GRAPI) - Not computed
0400000US09,09,Connecticut,1491786,313,1491786,(X),1352583,3661,90.7,0.2,139203,3558,9.3,0.2,1.8,0.1,(X),(X),6.8,0.3,(X),(X),1491786,313,1491786,(X),882941,3457,59.2,0.2,80636,1629,5.4,0.1,121410,2196,8.1,0.1,132512,2278,8.9,0.2,82727,1921,5.5,0.1,55826,1500,3.7,0.1,123561,1971,8.3,0.1,11898,681,0.8,0.1,275,105,0.0,0.1,1491786,313,1491786,(X),615,148,0.0,0.1,10812,712,0.7,0.1,103911,1972,7.0,0.1,115076,1841,7.7,0.1,193595,2748,13.0,0.2,199447,2740,13.4,0.2,200380,3028,13.4,0.2,230868,2651,15.5,0.2,105253,2170,7.1,0.1,331829,3573,22.2,0.2,1491786,313,1491786,(X),29332,1286,2.0,0.1,36768,1216,2.5,0.1,127513,2279,8.5,0.2,225743,2639,15.1,0.2,283609,3404,19.0,0.2,262466,2844,17.6,0.2,197972,2773,13.3,0.2,145441,2274,9.7,0.2,182942,2356,12.3,0.2,5.7,0.1,(X),(X),1491786,313,1491786,(X),31732,1313,2.1,0.1,183370,2555,12.3,0.2,405883,3449,27.2,0.2,547408,3619,36.7,0.2,255820,2774,17.1,0.2,67573,1539,4.5,0.1,1352583,3661,1352583,(X),906227,5290,67.0,0.3,446356,3646,33.0,0.3,2.69,0.01,(X),(X),2.33,0.02,(X),(X),1352583,3661,1352583,(X),16707,927,1.2,0.1,345455,3248,25.5,0.3,482235,3770,35.7,0.3,229008,3123,16.9,0.2,124021,1926,9.2,0.1,155157,1757,11.5,0.1,1352583,3661,1352583,(X),123583,2364,9.1,0.2,440670,3984,32.6,0.3,514733,3932,38.1,0.3,273597,2928,20.2,0.2,1352583,3661,1352583,(X),454138,3542,33.6,0.2,47460,1495,3.5,0.1,210186,2756,15.5,0.2,595244,3450,44.0,0.2,1717,276,0.1,0.1,29755,1122,2.2,0.1,589,143,0.0,0.1,9423,628,0.7,0.1,4071,409,0.3,0.1,1352583,3661,1352583,(X),4105,455,0.3,0.1,8663,618,0.6,0.1,20015,826,1.5,0.1,1352583,3661,1352583,(X),1327127,3926,98.1,0.1,17703,817,1.3,0.1,7753,697,0.6,0.1,906227,5290,906227,(X),24620,1040,2.7,0.1,28771,955,3.2,0.1,78066,1809,8.6,0.2,140544,2296,15.5,0.2,251106,2894,27.7,0.3,235670,2708,26.0,0.3,106965,1691,11.8,0.2,40485,939,4.5,0.1,270500,1061,(X),(X),906227,5290,906227,(X),635162,4471,70.1,0.3,271065,3080,29.9,0.3,635162,4471,635162,(X),2635,318,0.4,0.1,30680,1005,4.8,0.2,108617,2341,17.1,0.3,158104,2579,24.9,0.4,130062,2085,20.5,0.3,79879,1866,12.6,0.3,125185,1925,19.7,0.3,2067,9,(X),(X),271065,3080,271065,(X),4051,422,1.5,0.2,9076,594,3.3,0.2,38206,1294,14.1,0.4,72955,1560,26.9,0.5,60894,1275,22.5,0.4,85883,1686,31.7,0.5,833,4,(X),(X),632572,4476,632572,(X),219989,3170,34.8,0.4,104745,2095,16.6,0.3,79193,1834,12.5,0.3,56258,1347,8.9,0.2,172387,2751,27.3,0.4,2590,337,(X),(X),268257,3133,268257,(X),73994,1434,27.6,0.4,51816,1499,19.3,0.5,35170,1218,13.1,0.4,24746,852,9.2,0.3,18250,746,6.8,0.3,13048,735,4.9,0.3,51233,1395,19.1,0.4,2808,365,(X),(X),427093,3561,427093,(X),48556,1273,11.4,0.3,136623,2416,32.0,0.5,154660,2634,36.2,0.6,56253,1681,13.2,0.4,17748,796,4.2,0.2,6706,572,1.6,0.1,6547,529,1.5,0.1,1075,6,(X),(X),19263,907,(X),(X),417082,3629,417082,(X),46447,1682,11.1,0.4,48905,1744,11.7,0.4,50457,1545,12.1,0.4,49253,1296,11.8,0.3,38527,1378,9.2,0.3,183493,2726,44.0,0.5,29274,1192,(X),(X)
0500000US09001,09001,"Fairfield County, Connecticut",363556,398,363556,(X),334320,1367,92.0,0.4,29236,1381,8.0,0.4,1.6,0.2,(X),(X),6.1,0.5,(X),(X),363556,398,363556,(X),210931,1524,58.0,0.4,24787,879,6.8,0.2,31230,1018,8.6,0.3,30685,1114,8.4,0.3,16636,896,4.6,0.2,12267,726,3.4,0.2,35592,1049,9.8,0.3,1385,228,0.4,0.1,43,38,0.0,0.1,363556,398,363556,(X),248,72,0.1,0.1,4032,458,1.1,0.1,25574,934,7.0,0.3,25149,816,6.9,0.2,41637,1123,11.5,0.3,48000,1229,13.2,0.3,52996,1241,14.6,0.3,60611,1420,16.7,0.4,27949,1113,7.7,0.3,77360,1320,21.3,0.4,363556,398,363556,(X),7467,693,2.1,0.2,9192,536,2.5,0.1,30329,1270,8.3,0.3,50659,1380,13.9,0.4,59664,1746,16.4,0.5,56947,1347,15.7,0.4,43463,1313,12.0,0.4,39079,1211,10.7,0.3,66756,1331,18.4,0.4,5.9,0.1,(X),(X),363556,398,363556,(X),7943,695,2.2,0.2,44174,1519,12.2,0.4,89021,1656,24.5,0.5,117345,1648,32.3,0.5,77105,1362,21.2,0.4,27968,894,7.7,0.2,334320,1367,334320,(X),228381,1521,68.3,0.5,105939,1698,31.7,0.5,2.84,0.02,(X),(X),2.57,0.03,(X),(X),334320,1367,334320,(X),3681,415,1.1,0.1,86855,1732,26.0,0.5,120640,1579,36.1,0.5,58485,1154,17.5,0.3,28375,966,8.5,0.3,36284,917,10.9,0.3,334320,1367,334320,(X),27354,1013,8.2,0.3,102761,1925,30.7,0.6,132238,1970,39.6,0.6,71967,1335,21.5,0.4,334320,1367,334320,(X),128142,1689,38.3,0.5,9055,553,2.7,0.2,51170,1477,15.3,0.4,140650,1752,42.1,0.5,416,128,0.1,0.1,2699,287,0.8,0.1,89,72,0.0,0.1,1432,221,0.4,0.1,667,187,0.2,0.1,334320,1367,334320,(X),1304,270,0.4,0.1,2937,405,0.9,0.1,3892,394,1.2,0.1,334320,1367,334320,(X),325636,1463,97.4,0.2,5991,514,1.8,0.2,2693,357,0.8,0.1,228381,1521,228381,(X),4968,381,2.2,0.2,4803,395,2.1,0.2,7937,514,3.5,0.2,15533,741,6.8,0.3,36243,980,15.9,0.4,67877,1200,29.7,0.5,59285,1091,26.0,0.5,31735,815,13.9,0.4,416000,3816,(X),(X),228381,1521,228381,(X),163508,1759,71.6,0.6,64873,1341,28.4,0.6,163508,1759,163508,(X),338,106,0.2,0.1,4135,415,2.5,0.3,13716,903,8.4,0.5,24621,948,15.1,0.6,29040,879,17.8,0.5,25066,978,15.3,0.6,66592,1312,40.7,0.7,2698,22,(X),(X),64873,1341,64873,(X),616,103,0.9,0.2,1490,246,2.3,0.4,4849,386,7.5,0.6,10550,642,16.3,0.9,12789,628,19.7,0.9,34579,979,53.3,1.0,1037,11,(X),(X),162695,1769,162695,(X),53046,1321,32.6,0.8,25125,1079,15.4,0.6,18926,803,11.6,0.5,14361,714,8.8,0.4,51237,1560,31.5,0.8,813,211,(X),(X),64167,1376,64167,(X),16336,710,25.5,0.9,11273,613,17.6,0.9,7990,588,12.5,0.9,5803,401,9.0,0.6,4631,368,7.2,0.6,3015,276,4.7,0.4,15119,782,23.6,1.0,706,169,(X),(X),101578,1589,101578,(X),9801,588,9.6,0.6,17895,809,17.6,0.8,33527,1177,33.0,1.0,21386,1033,21.1,0.9,9923,659,9.8,0.6,4474,489,4.4,0.5,4572,422,4.5,0.4,1348,15,(X),(X),4361,422,(X),(X),99258,1566,99258,(X),11981,752,12.1,0.7,10705,842,10.8,0.8,10996,726,11.1,0.7,11371,662,11.5,0.7,9130,629,9.2,0.6,45075,1268,45.4,1.1,6681,562,(X),(X)
0500000US09003,09003,"Hartford County, Connecticut",374453,462,374453,(X),346362,1467,92.5,0.3,28091,1226,7.5,0.3,1.6,0.2,(X),(X),7.2,0.6,(X),(X),374453,462,374453,(X),206359,1534,55.1,0.4,21605,670,5.8,0.2,30205,1111,8.1,0.3,36415,1105,9.7,0.3,24760,913,6.6,0.2,17244,880,4.6,0.2,35845,1124,9.6,0.3,1985,264,0.5,0.1,35,26,0.0,0.1,374453,462,374453,(X),142,87,0.0,0.1,1631,234,0.4,0.1,22865,855,6.1,0.2,25125,901,6.7,0.2,49310,1284,13.2,0.3,48957,1529,13.1,0.4,54371,1351,14.5,0.4,68048,1307,18.2,0.3,32494,1114,8.7,0.3,71510,1513,19.1,0.4,374453,462,374453,(X),7738,700,2.1,0.2,8074,516,2.2,0.1,33248,995,8.9,0.3,58257,1472,15.6,0.4,77233,1771,20.6,0.5,67489,1316,18.0,0.4,49788,1251,13.3,0.3,34657,1006,9.3,0.3,37969,1167,10.1,0.3,5.5,0.1,(X),(X),374453,462,374453,(X),8337,741,2.2,0.2,45920,1177,12.3,0.3,106852,1771,28.5,0.5,140018,1770,37.4,0.5,59728,1444,16.0,0.4,13598,584,3.6,0.2,346362,1467,346362,(X),224000,1797,64.7,0.4,122362,1538,35.3,0.4,2.63,0.01,(X),(X),2.29,0.03,(X),(X),346362,1467,346362,(X),4393,513,1.3,0.1,91827,1556,26.5,0.5,125309,1750,36.2,0.5,55197,1383,15.9,0.4,31113,970,9.0,0.3,38523,965,11.1,0.3,346362,1467,346362,(X),37889,1264,10.9,0.4,118298,1818,34.2,0.5,129776,1822,37.5,0.5,60399,1274,17.4,0.3,346362,1467,346362,(X),158467,2063,45.8,0.5,9706,599,2.8,0.2,47687,1331,13.8,0.4,121717,1613,35.1,0.5,525,180,0.2,0.1,4012,369,1.2,0.1,52,40,0.0,0.1,2645,342,0.8,0.1,1551,266,0.4,0.1,346362,1467,346362,(X),1040,253,0.3,0.1,2388,299,0.7,0.1,5666,508,1.6,0.1,346362,1467,346362,(X),339473,1701,98.0,0.2,4674,484,1.3,0.1,2215,345,0.6,0.1,224000,1797,224000,(X),6300,499,2.8,0.2,7343,570,3.3,0.2,24757,1059,11.1,0.5,44151,1157,19.7,0.5,73415,1150,32.8,0.5,52651,1067,23.5,0.4,13718,599,6.1,0.3,1665,219,0.7,0.1,236400,1511,(X),(X),224000,1797,224000,(X),156517,1828,69.9,0.6,67483,1331,30.1,0.6,156517,1828,156517,(X),623,115,0.4,0.1,8656,503,5.5,0.3,32299,1283,20.6,0.8,44750,1200,28.6,0.8,34252,1120,21.9,0.6,17498,858,11.2,0.5,18439,723,11.8,0.5,1907,14,(X),(X),67483,1331,67483,(X),945,187,1.4,0.3,2173,268,3.2,0.4,10598,646,15.7,0.9,21157,678,31.4,0.8,16490,732,24.4,1.0,16120,676,23.9,0.8,790,6,(X),(X),156006,1816,156006,(X),58379,1558,37.4,0.9,26617,900,17.1,0.5,19860,854,12.7,0.5,13528,697,8.7,0.4,37622,1106,24.1,0.7,511,155,(X),(X),66722,1386,66722,(X),19311,841,28.9,1.1,13436,594,20.1,0.8,8684,520,13.0,0.7,5891,423,8.8,0.6,4926,375,7.4,0.6,3348,316,5.0,0.5,11126,635,16.7,0.8,761,161,(X),(X),117848,1549,117848,(X),15004,824,12.7,0.7,44997,1272,38.2,1.0,44727,1330,38.0,1.0,10094,787,8.6,0.7,1596,251,1.4,0.2,682,166,0.6,0.1,748,152,0.6,0.1,992,9,(X),(X),4514,476,(X),(X),115040,1544,115040,(X),13542,751,11.8,0.6,14768,867,12.8,0.7,14402,911,12.5,0.8,13901,877,12.1,0.7,10222,740,8.9,0.6,48205,1128,41.9,1.0,7322,642,(X),(X)
0500000US09005,09005,"Litchfield County, Connecticut",87447,228,87447,(X),74518,800,85.2,0.9,12929,765,14.8,0.9,2.0,0.5,(X),(X),4.2,1.1,(X),(X),87447,228,87447,(X),65074,746,74.4,0.8,3134,325,3.6,0.4,6187,562,7.1,0.6,4905,486,5.6,0.6,3378,342,3.9,0.4,2002,307,2.3,0.4,2395,315,2.7,0.4,339,127,0.4,0.1,33,37,0.0,0.1,87447,228,87447,(X),0,28,0.0,0.1,357,119,0.4,0.1,6815,476,7.8,0.5,7978,519,9.1,0.6,12252,598,14.0,0.7,12695,570,14.5,0.6,9174,651,10.5,0.7,10852,541,12.4,0.6,5215,448,6.0,0.5,22109,809,25.3,0.9,87447,228,87447,(X),1361,266,1.6,0.3,1689,283,1.9,0.3,4879,477,5.6,0.5,10472,615,12.0,0.7,16218,703,18.5,0.8,16913,700,19.3,0.8,14582,601,16.7,0.7,10203,519,11.7,0.6,11130,516,12.7,0.6,6.0,0.2,(X),(X),87447,228,87447,(X),1507,259,1.7,0.3,7582,502,8.7,0.6,21804,700,24.9,0.8,36966,845,42.3,0.9,15999,695,18.3,0.8,3589,353,4.1,0.4,74518,800,74518,(X),57397,845,77.0,1.0,17121,791,23.0,1.0,2.55,0.03,(X),(X),2.13,0.06,(X),(X),74518,800,74518,(X),607,176,0.8,0.2,14167,779,19.0,1.0,26741,793,35.9,1.0,14980,599,20.1,0.8,8389,487,11.3,0.7,9634,502,12.9,0.7,74518,800,74518,(X),4281,425,5.7,0.6,21043,807,28.2,1.0,30708,892,41.2,1.1,18486,628,24.8,0.9,74518,800,74518,(X),10921,558,14.7,0.7,4138,301,5.6,0.4,11442,595,15.4,0.8,42397,882,56.9,1.1,160,57,0.2,0.1,4541,403,6.1,0.5,15,17,0.0,0.1,780,179,1.0,0.2,124,57,0.2,0.1,74518,800,74518,(X),149,68,0.2,0.1,358,98,0.5,0.1,705,183,0.9,0.2,74518,800,74518,(X),73827,774,99.1,0.2,539,166,0.7,0.2,152,70,0.2,0.1,57397,845,57397,(X),1214,203,2.1,0.3,1851,252,3.2,0.4,6498,410,11.3,0.7,10262,551,17.9,1.0,15907,749,27.7,1.2,14449,551,25.2,1.0,5516,392,9.6,0.6,1700,210,3.0,0.4,254600,3562,(X),(X),57397,845,57397,(X),39969,673,69.6,0.8,17428,593,30.4,0.8,39969,673,39969,(X),222,71,0.6,0.2,2773,325,6.9,0.8,8002,473,20.0,1.1,11453,581,28.7,1.5,7571,531,18.9,1.3,4410,368,11.0,0.9,5538,383,13.9,0.9,1889,24,(X),(X),17428,593,17428,(X),229,82,1.3,0.5,704,189,4.0,1.1,3094,295,17.8,1.6,5043,337,28.9,1.7,4103,395,23.5,2.1,4255,324,24.4,1.7,785,15,(X),(X),39783,676,39783,(X),13763,593,34.6,1.5,6291,446,15.8,1.1,4934,421,12.4,1.1,3559,368,8.9,0.9,11236,683,28.2,1.5,186,102,(X),(X),17309,595,17309,(X),4922,373,28.4,2.0,3374,300,19.5,1.7,1969,245,11.4,1.3,1690,249,9.8,1.4,1181,175,6.8,0.9,785,137,4.5,0.8,3388,300,19.6,1.5,119,47,(X),(X),15743,793,15743,(X),1549,217,9.8,1.3,7217,556,45.8,2.9,5180,511,32.9,2.7,1317,222,8.4,1.3,274,94,1.7,0.6,96,71,0.6,0.4,110,51,0.7,0.3,955,19,(X),(X),1378,212,(X),(X),15396,788,15396,(X),1924,268,12.5,1.7,1710,300,11.1,1.9,2371,385,15.4,2.2,1924,336,12.5,2.1,1413,231,9.2,1.5,6054,551,39.3,2.8,1725,254,(X),(X)
0500000US09007,09007,"Middlesex County, Connecticut",75162,234,75162,(X),66117,804,88.0,1.0,9045,748,12.0,1.0,2.3,0.5,(X),(X),6.9,1.7,(X),(X),75162,234,75162,(X),53589,679,71.3,0.9,2849,256,3.8,0.3,4113,417,5.5,0.6,3363,410,4.5,0.5,3394,391,4.5,0.5,2678,350,3.6,0.5,4185,427,5.6,0.6,955,195,1.3,0.3,36,41,0.0,0.1,75162,234,75162,(X),38,34,0.1,0.1,489,156,0.7,0.2,6846,493,9.1,0.7,7906,503,10.5,0.7,11738,657,15.6,0.9,11043,613,14.7,0.8,9122,590,12.1,0.8,9094,593,12.1,0.8,3716,355,4.9,0.5,15170,732,20.2,1.0,75162,234,75162,(X),637,157,0.8,0.2,1531,265,2.0,0.4,5317,445,7.1,0.6,10841,740,14.4,1.0,13707,760,18.2,1.0,14642,834,19.5,1.1,10748,582,14.3,0.8,8536,575,11.4,0.8,9203,536,12.2,0.7,5.9,0.1,(X),(X),75162,234,75162,(X),774,162,1.0,0.2,8172,597,10.9,0.8,20583,740,27.4,1.0,30296,818,40.3,1.1,12786,589,17.0,0.8,2551,276,3.4,0.4,66117,804,66117,(X),49652,861,75.1,1.2,16465,866,24.9,1.2,2.52,0.03,(X),(X),2.06,0.06,(X),(X),66117,804,66117,(X),747,210,1.1,0.3,15075,960,22.8,1.3,23712,815,35.9,1.1,12248,565,18.5,0.9,6632,419,10.0,0.6,7703,389,11.7,0.6,66117,804,66117,(X),3483,387,5.3,0.6,19541,764,29.6,1.1,27223,860,41.2,1.2,15870,594,24.0,0.9,66117,804,66117,(X),8614,485,13.0,0.7,3942,442,6.0,0.7,11205,653,16.9,0.9,38945,871,58.9,1.1,103,59,0.2,0.1,2227,294,3.4,0.4,60,62,0.1,0.1,574,129,0.9,0.2,447,143,0.7,0.2,66117,804,66117,(X),136,81,0.2,0.1,181,79,0.3,0.1,927,196,1.4,0.3,66117,804,66117,(X),65642,824,99.3,0.2,416,123,0.6,0.2,59,50,0.1,0.1,49652,861,49652,(X),1228,217,2.5,0.4,1020,182,2.1,0.4,3136,387,6.3,0.8,5753,466,11.6,0.9,16128,685,32.5,1.3,16686,679,33.6,1.4,4695,410,9.5,0.8,1006,199,2.0,0.4,285100,3297,(X),(X),49652,861,49652,(X),34463,859,69.4,1.1,15189,607,30.6,1.1,34463,859,34463,(X),130,93,0.4,0.3,1438,243,4.2,0.7,5363,433,15.6,1.1,9199,601,26.7,1.5,8258,569,24.0,1.6,4787,413,13.9,1.2,5288,377,15.3,1.0,2067,34,(X),(X),15189,607,15189,(X),329,122,2.2,0.8,517,136,3.4,0.9,2376,263,15.6,1.6,4199,356,27.6,2.0,3257,328,21.4,2.1,4511,402,29.7,2.2,811,18,(X),(X),34362,844,34362,(X),12852,640,37.4,1.6,5843,466,17.0,1.2,4516,402,13.1,1.2,3445,403,10.0,1.2,7706,537,22.4,1.4,101,90,(X),(X),15023,599,15023,(X),4436,365,29.5,2.3,2885,355,19.2,2.1,1768,280,11.8,1.7,1455,238,9.7,1.6,1129,193,7.5,1.3,848,187,5.6,1.2,2502,252,16.7,1.5,166,82,(X),(X),15468,839,15468,(X),1424,204,9.2,1.3,4989,497,32.3,2.8,5926,501,38.3,2.6,2424,433,15.7,2.5,443,130,2.9,0.8,139,69,0.9,0.4,123,81,0.8,0.5,1095,31,(X),(X),997,203,(X),(X),15221,805,15221,(X),1791,297,11.8,1.9,2098,332,13.8,2.1,1909,264,12.5,1.7,2036,379,13.4,2.4,1139,225,7.5,1.5,6248,606,41.0,3.0,1244,274,(X),(X)
0500000US09009,09009,"New Haven County, Connecticut",362351,374,362351,(X),326028,1625,90.0,0.4,36323,1617,10.0,0.4,1.7,0.3,(X),(X),7.6,0.5,(X),(X),362351,374,362351,(X),193790,1751,53.5,0.5,18754,735,5.2,0.2,35126,1348,9.7,0.4,40942,1241,11.3,0.3,21306,981,5.9,0.3,15070,914,4.2,0.3,35013,1139,9.7,0.3,2309,305,0.6,0.1,41,36,0.0,0.1,362351,374,362351,(X),119,81,0.0,0.1,2209,279,0.6,0.1,20073,810,5.5,0.2,27273,1066,7.5,0.3,45415,1270,12.5,0.4,46826,1230,12.9,0.3,45377,1353,12.5,0.4,54689,1586,15.1,0.4,25150,1061,6.9,0.3,95220,1830,26.3,0.5,362351,374,362351,(X),9110,739,2.5,0.2,10924,762,3.0,0.2,35518,1367,9.8,0.4,61003,1541,16.8,0.4,72829,1611,20.1,0.4,64247,1568,17.7,0.4,44924,1296,12.4,0.4,30575,926,8.4,0.3,33221,1095,9.2,0.3,5.4,0.1,(X),(X),362351,374,362351,(X),9722,750,2.7,0.2,51658,1356,14.3,0.4,107269,1758,29.6,0.5,130680,1769,36.1,0.5,51093,1297,14.1,0.4,11929,699,3.3,0.2,326028,1625,326028,(X),204886,1853,62.8,0.5,121142,1795,37.2,0.5,2.71,0.02,(X),(X),2.30,0.03,(X),(X),326028,1625,326028,(X),4390,496,1.3,0.2,85180,1740,26.1,0.5,115602,1800,35.5,0.5,53293,1257,16.3,0.4,28496,967,8.7,0.3,39067,966,12.0,0.3,326028,1625,326028,(X),37862,1118,11.6,0.3,114271,2159,35.0,0.6,114444,1963,35.1,0.6,59451,1404,18.2,0.4,326028,1625,326028,(X),122164,1562,37.5,0.4,8654,645,2.7,0.2,55042,1536,16.9,0.5,133513,1488,41.0,0.4,220,104,0.1,0.1,3761,365,1.2,0.1,152,70,0.0,0.1,1732,291,0.5,0.1,790,142,0.2,0.1,326028,1625,326028,(X),1015,261,0.3,0.1,2025,373,0.6,0.1,6193,487,1.9,0.2,326028,1625,326028,(X),320037,1716,98.2,0.2,4041,395,1.2,0.1,1950,339,0.6,0.1,204886,1853,204886,(X),6070,462,3.0,0.2,9231,606,4.5,0.3,21988,1040,10.7,0.5,35624,1125,17.4,0.5,61078,1313,29.8,0.6,52360,1233,25.6,0.6,15871,826,7.7,0.4,2664,331,1.3,0.2,245200,1861,(X),(X),204886,1853,204886,(X),142134,1687,69.4,0.6,62752,1285,30.6,0.6,142134,1687,142134,(X),622,150,0.4,0.1,7197,453,5.1,0.3,27063,1103,19.0,0.7,37565,1160,26.4,0.7,31372,1038,22.1,0.7,18174,722,12.8,0.5,20141,855,14.2,0.6,1982,15,(X),(X),62752,1285,62752,(X),1197,245,1.9,0.4,1817,253,2.9,0.4,7220,531,11.5,0.8,17584,838,28.0,1.2,15903,782,25.3,1.2,19031,882,30.3,1.2,838,8,(X),(X),141462,1739,141462,(X),46241,1214,32.7,0.9,23474,944,16.6,0.6,18248,970,12.9,0.6,12326,635,8.7,0.4,41173,1260,29.1,0.8,672,204,(X),(X),62116,1273,62116,(X),15343,677,24.7,0.9,11767,689,18.9,1.0,8659,573,13.9,0.9,6130,451,9.9,0.7,4154,401,6.7,0.6,3332,351,5.4,0.5,12731,598,20.5,0.9,636,152,(X),(X),116196,1707,116196,(X),13452,662,11.6,0.5,37594,1320,32.4,1.0,44996,1416,38.7,1.1,14525,820,12.5,0.7,3941,421,3.4,0.4,955,194,0.8,0.2,733,190,0.6,0.2,1061,10,(X),(X),4946,499,(X),(X),112769,1745,112769,(X),10660,745,9.5,0.7,11955,753,10.6,0.6,12812,694,11.4,0.6,12895,838,11.4,0.7,10453,695,9.3,0.6,53994,1401,47.9,1.0,8373,648,(X),(X)
0500000US09011,09011,"New London County, Connecticut",121258,269,121258,(X),106495,960,87.8,0.8,14763,956,12.2,0.8,2.9,0.5,(X),(X),6.3,1.1,(X),(X),121258,269,121258,(X),79021,940,65.2,0.8,5003,515,4.1,0.4,8165,649,6.7,0.5,9042,710,7.5,0.6,6650,690,5.5,0.6,3665,406,3.0,0.3,6830,379,5.6,0.3,2810,288,2.3,0.2,72,67,0.1,0.1,121258,269,121258,(X),28,21,0.0,0.1,930,228,0.8,0.2,10650,601,8.8,0.5,11349,630,9.4,0.5,16273,617,13.4,0.5,16821,815,13.9,0.7,15440,806,12.7,0.7,14570,785,12.0,0.7,6034,579,5.0,0.5,29163,930,24.1,0.8,121258,269,121258,(X),1663,336,1.4,0.3,3031,358,2.5,0.3,9738,626,8.0,0.5,18799,880,15.5,0.7,23080,1113,19.0,0.9,22394,873,18.5,0.7,18001,820,14.8,0.7,11226,655,9.3,0.5,13326,698,11.0,0.6,5.7,0.1,(X),(X),121258,269,121258,(X),2021,360,1.7,0.3,13530,674,11.2,0.6,33438,1004,27.6,0.8,47212,1099,38.9,0.9,21006,914,17.3,0.8,4051,406,3.3,0.3,106495,960,106495,(X),70847,947,66.5,0.8,35648,999,33.5,0.8,2.58,0.03,(X),(X),2.18,0.05,(X),(X),106495,960,106495,(X),1529,330,1.4,0.3,28672,1159,26.9,1.0,36220,1111,34.0,1.0,17767,836,16.7,0.8,10263,454,9.6,0.4,12044,607,11.3,0.6,106495,960,106495,(X),7468,578,7.0,0.6,35116,1126,33.0,1.0,41215,1120,38.7,1.0,22696,923,21.3,0.8,106495,960,106495,(X),14642,797,13.7,0.8,6053,390,5.7,0.4,20561,831,19.3,0.7,59950,1151,56.3,0.9,135,71,0.1,0.1,3989,412,3.7,0.4,55,38,0.1,0.1,828,172,0.8,0.2,282,102,0.3,0.1,106495,960,106495,(X),322,130,0.3,0.1,514,164,0.5,0.2,1506,233,1.4,0.2,106495,960,106495,(X),105070,943,98.7,0.2,1056,219,1.0,0.2,369,148,0.3,0.1,70847,947,70847,(X),2701,299,3.8,0.4,2331,254,3.3,0.4,5990,482,8.5,0.7,13458,764,19.0,1.0,23540,870,33.2,1.1,16278,712,23.0,1.0,5264,405,7.4,0.6,1285,174,1.8,0.2,244000,3027,(X),(X),70847,947,70847,(X),48296,1001,68.2,1.0,22551,727,31.8,1.0,48296,1001,48296,(X),411,142,0.9,0.3,3178,355,6.6,0.7,10446,631,21.6,1.2,14673,663,30.4,1.2,9092,502,18.8,1.0,5202,459,10.8,1.0,5294,399,11.0,0.8,1848,23,(X),(X),22551,727,22551,(X),359,100,1.6,0.4,1252,203,5.6,0.9,5108,460,22.7,1.8,7323,498,32.5,1.9,4406,339,19.5,1.4,4103,320,18.2,1.4,724,11,(X),(X),48077,986,48077,(X),17354,832,36.1,1.5,8441,589,17.6,1.2,5878,458,12.2,0.9,4473,380,9.3,0.8,11931,629,24.8,1.2,219,123,(X),(X),22276,720,22276,(X),6866,441,30.8,1.8,4918,418,22.1,1.6,3197,307,14.4,1.4,1980,243,8.9,1.0,1074,199,4.8,0.9,947,178,4.3,0.8,3294,322,14.8,1.3,275,107,(X),(X),33940,974,33940,(X),4114,449,12.1,1.3,12161,648,35.8,1.7,12607,709,37.1,1.6,3970,413,11.7,1.2,681,147,2.0,0.4,245,85,0.7,0.3,162,75,0.5,0.2,1022,20,(X),(X),1708,311,(X),(X),33429,998,33429,(X),3468,432,10.4,1.2,4228,397,12.6,1.1,4769,498,14.3,1.4,4182,371,12.5,1.1,3650,424,10.9,1.2,13132,735,39.3,1.9,2219,340,(X),(X)
0500000US09013,09013,"Tolland County, Connecticut",58383,497,58383,(X),54467,652,93.3,0.8,3916,476,6.7,0.8,1.3,0.5,(X),(X),6.2,1.8,(X),(X),58383,497,58383,(X),41146,576,70.5,1.0,2371,326,4.1,0.6,2450,378,4.2,0.6,3649,453,6.3,0.8,3791,427,6.5,0.7,1894,334,3.2,0.6,2428,305,4.2,0.5,639,149,1.1,0.3,15,25,0.0,0.1,58383,497,58383,(X),27,33,0.0,0.1,796,205,1.4,0.4,6367,566,10.9,1.0,6160,479,10.6,0.8,9158,629,15.7,1.1,8403,578,14.4,1.0,8796,565,15.1,1.0,8202,573,14.0,1.0,2387,335,4.1,0.6,8087,554,13.9,1.0,58383,497,58383,(X),674,230,1.2,0.4,1435,288,2.5,0.5,4740,525,8.1,0.9,8073,687,13.8,1.1,9560,589,16.4,1.0,10521,616,18.0,1.1,9278,639,15.9,1.1,7245,501,12.4,0.8,6857,471,11.7,0.8,5.9,0.2,(X),(X),58383,497,58383,(X),701,230,1.2,0.4,7183,556,12.3,0.9,13636,809,23.4,1.3,23556,675,40.3,1.2,11296,603,19.3,1.0,2011,282,3.4,0.5,54467,652,54467,(X),39880,638,73.2,1.2,14587,729,26.8,1.2,2.65,0.03,(X),(X),2.06,0.07,(X),(X),54467,652,54467,(X),851,253,1.6,0.5,12878,724,23.6,1.2,18423,739,33.8,1.3,9988,520,18.3,1.0,5654,446,10.4,0.8,6673,400,12.3,0.7,54467,652,54467,(X),2115,329,3.9,0.6,15616,730,28.7,1.2,22575,781,41.4,1.4,14161,644,26.0,1.2,54467,652,54467,(X),6353,533,11.7,0.9,3372,412,6.2,0.7,7511,580,13.8,1.0,32514,792,59.7,1.4,123,80,0.2,0.1,3532,384,6.5,0.7,57,42,0.1,0.1,876,192,1.6,0.4,129,72,0.2,0.1,54467,652,54467,(X),91,80,0.2,0.1,145,83,0.3,0.2,512,123,0.9,0.2,54467,652,54467,(X),54001,687,99.1,0.3,366,139,0.7,0.3,100,59,0.2,0.1,39880,638,39880,(X),1072,252,2.7,0.6,866,157,2.2,0.4,2879,347,7.2,0.9,7041,543,17.7,1.2,15164,601,38.0,1.5,10631,557,26.7,1.4,1941,242,4.9,0.6,286,105,0.7,0.3,247700,3506,(X),(X),39880,638,39880,(X),27906,776,70.0,1.4,11974,578,30.0,1.4,27906,776,27906,(X),75,55,0.3,0.2,1386,248,5.0,0.9,5102,479,18.3,1.6,8523,585,30.5,1.9,6757,533,24.2,1.8,3161,317,11.3,1.1,2902,324,10.4,1.2,1935,28,(X),(X),11974,578,11974,(X),152,80,1.3,0.7,317,107,2.6,0.9,2012,219,16.8,1.7,4289,407,35.8,2.9,2641,314,22.1,2.3,2563,312,21.4,2.4,764,13,(X),(X),27885,780,27885,(X),10805,557,38.7,1.7,5029,473,18.0,1.6,3893,363,14.0,1.3,2393,318,8.6,1.1,5765,540,20.7,1.9,21,20,(X),(X),11871,583,11871,(X),4155,311,35.0,2.2,2424,278,20.4,2.0,1639,236,13.8,1.9,945,181,8.0,1.4,533,104,4.5,0.9,499,145,4.2,1.2,1676,283,14.1,2.3,103,58,(X),(X),13930,744,13930,(X),984,190,7.1,1.4,5504,441,39.5,2.8,4660,528,33.5,3.2,1959,363,14.1,2.4,665,178,4.8,1.2,59,43,0.4,0.3,99,91,0.7,0.7,1040,33,(X),(X),657,189,(X),(X),13646,752,13646,(X),1529,332,11.2,2.4,1855,369,13.6,2.7,1868,408,13.7,2.7,1531,302,11.2,2.1,1281,276,9.4,2.0,5582,484,40.9,2.8,941,229,(X),(X)
0500000US09015,09015,"Windham County, Connecticut",49176,246,49176,(X),44276,631,90.0,1.1,4900,519,10.0,1.1,1.4,0.6,(X),(X),6.9,1.8,(X),(X),49176,246,49176,(X),33031,728,67.2,1.4,2133,295,4.3,0.6,3934,472,8.0,1.0,3511,431,7.1,0.9,2812,348,5.7,0.7,1006,204,2.0,0.4,1273,211,2.6,0.4,1476,274,3.0,0.6,0,28,0.0,0.1,49176,246,49176,(X),13,20,0.0,0.1,368,125,0.7,0.3,4721,454,9.6,0.9,4136,354,8.4,0.7,7812,484,15.9,1.0,6702,551,13.6,1.1,5104,418,10.4,0.8,4802,406,9.8,0.8,2308,353,4.7,0.7,13210,580,26.9,1.2,49176,246,49176,(X),682,176,1.4,0.4,892,204,1.8,0.4,3744,416,7.6,0.8,7639,580,15.5,1.2,11318,639,23.0,1.3,9313,523,18.9,1.1,7188,510,14.6,1.0,3920,367,8.0,0.7,4480,359,9.1,0.7,5.5,0.2,(X),(X),49176,246,49176,(X),727,185,1.5,0.4,5151,455,10.5,0.9,13280,703,27.0,1.4,21335,689,43.4,1.4,6807,527,13.8,1.1,1876,300,3.8,0.6,44276,631,44276,(X),31184,747,70.4,1.6,13092,767,29.6,1.6,2.60,0.04,(X),(X),2.37,0.09,(X),(X),44276,631,44276,(X),509,204,1.1,0.5,10801,649,24.4,1.5,15588,644,35.2,1.4,7050,553,15.9,1.2,5099,387,11.5,0.9,5229,378,11.8,0.9,44276,631,44276,(X),3131,379,7.1,0.8,14024,725,31.7,1.5,16554,681,37.4,1.5,10567,612,23.9,1.3,44276,631,44276,(X),4835,402,10.9,0.9,2540,319,5.7,0.7,5568,453,12.6,1.0,25558,764,57.7,1.5,35,31,0.1,0.1,4994,447,11.3,1.0,109,75,0.2,0.2,556,128,1.3,0.3,81,57,0.2,0.1,44276,631,44276,(X),48,38,0.1,0.1,115,83,0.3,0.2,614,161,1.4,0.4,44276,631,44276,(X),43441,610,98.1,0.4,620,183,1.4,0.4,215,101,0.5,0.2,31184,747,31184,(X),1067,174,3.4,0.6,1326,243,4.3,0.7,4881,434,15.7,1.3,8722,415,28.0,1.4,9631,625,30.9,1.7,4738,402,15.2,1.2,675,160,2.2,0.5,144,67,0.5,0.2,197500,3091,(X),(X),31184,747,31184,(X),22369,689,71.7,1.3,8815,454,28.3,1.3,22369,689,22369,(X),214,76,1.0,0.3,1917,282,8.6,1.2,6626,459,29.6,1.9,7320,574,32.7,2.3,3720,451,16.6,1.9,1581,240,7.1,1.1,991,188,4.4,0.9,1657,29,(X),(X),8815,454,8815,(X),224,85,2.5,1.0,806,197,9.1,2.2,2949,336,33.5,3.2,2810,307,31.9,3.1,1305,190,14.8,2.0,721,158,8.2,1.8,626,15,(X),(X),22302,684,22302,(X),7549,554,33.8,2.2,3925,387,17.6,1.6,2938,361,13.2,1.6,2173,260,9.7,1.2,5717,506,25.6,2.2,67,42,(X),(X),8773,452,8773,(X),2625,291,29.9,2.9,1739,245,19.8,2.5,1264,215,14.4,2.4,852,172,9.7,2.0,622,150,7.1,1.6,274,108,3.1,1.2,1397,225,15.9,2.3,42,35,(X),(X),12390,734,12390,(X),2228,299,18.0,2.3,6266,447,50.6,2.6,3037,377,24.5,2.5,578,194,4.7,1.5,225,92,1.8,0.7,56,74,0.5,0.6,0,28,0.0,0.3,847,27,(X),(X),702,214,(X),(X),12323,742,12323,(X),1552,296,12.6,2.3,1586,279,12.9,2.2,1330,310,10.8,2.4,1413,281,11.5,2.2,1239,281,10.1,2.2,5203,450,42.2,2.7,769,216,(X),(X)
0600000US0900100000,0900100000,"County subdivisions not defined, Fairfield County, Connecticut",0,12,0,(X),0,12,-,**,0,12,-,**,-,**,(X),(X),-,**,(X),(X),0,12,0,(X),0,12,-,**,0,12,-,**,0,12,-,**,0,12,-,**,0,12,-,**,0,12,-,**,0,12,-,**,0,12,-,**,0,12,-,**,0,12,0,(X),0,12,-,**,0,12,-,**,0,12,-,**,0,12,-,**,0,12,-,**,0,12,-,**,0,12,-,**,0,12,-,**,0,12,-,**,0,12,-,**,0,12,0,(X),0,12,-,**,0,12,-,**,0,12,-,**,0,12,-,**,0,12,-,**,0,12,-,**,0,12,-,**,0,12,-,**,0,12,-,**,-,**,(X),(X),0,12,0,(X),0,12,-,**,0,12,-,**,0,12,-,**,0,12,-,**,0,12,-,**,0,12,-,**,0,12,0,(X),0,12,-,**,0,12,-,**,-,**,(X),(X),-,**,(X),(X),0,12,0,(X),0,12,-,**,0,12,-,**,0,12,-,**,0,12,-,**,0,12,-,**,0,12,-,**,0,12,0,(X),0,12,-,**,0,12,-,**,0,12,-,**,0,12,-,**,0,12,0,(X),0,12,-,**,0,12,-,**,0,12,-,**,0,12,-,**,0,12,-,**,0,12,-,**,0,12,-,**,0,12,-,**,0,12,-,**,0,12,0,(X),0,12,-,**,0,12,-,**,0,12,-,**,0,12,0,(X),0,12,-,**,0,12,-,**,0,12,-,**,0,12,0,(X),0,12,-,**,0,12,-,**,0,12,-,**,0,12,-,**,0,12,-,**,0,12,-,**,0,12,-,**,0,12,-,**,-,**,(X),(X),0,12,0,(X),0,12,-,**,0,12,-,**,0,12,0,(X),0,12,-,**,0,12,-,**,0,12,-,**,0,12,-,**,0,12,-,**,0,12,-,**,0,12,-,**,-,**,(X),(X),0,12,0,(X),0,12,-,**,0,12,-,**,0,12,-,**,0,12,-,**,0,12,-,**,0,12,-,**,-,**,(X),(X),0,12,0,(X),0,12,-,**,0,12,-,**,0,12,-,**,0,12,-,**,0,12,-,**,0,12,(X),(X),0,12,0,(X),0,12,-,**,0,12,-,**,0,12,-,**,0,12,-,**,0,12,-,**,0,12,-,**,0,12,-,**,0,12,(X),(X),0,12,0,(X),0,12,-,**,0,12,-,**,0,12,-,**,0,12,-,**,0,12,-,**,0,12,-,**,0,12,-,**,-,**,(X),(X),0,12,(X),(X),0,12,0,(X),0,12,-,**,0,12,-,**,0,12,-,**,0,12,-,**,0,12,-,**,0,12,-,**,0,12,(X),(X)
0600000US0900104720,0900104720,"Bethel town, Fairfield County, Connecticut",7540,243,7540,(X),7211,209,95.6,2.2,329,171,4.4,2.2,0.4,0.6,(X),(X),4.3,5.2,(X),(X),7540,243,7540,(X),5236,271,69.4,3.0,595,143,7.9,1.9,668,151,8.9,2.0,269,123,3.6,1.6,458,157,6.1,2.0,168,110,2.2,1.5,146,74,1.9,1.0,0,19,0.0,0.4,0,19,0.0,0.4,7540,243,7540,(X),0,19,0.0,0.4,82,45,1.1,0.6,435,108,5.8,1.5,499,126,6.6,1.6,958,172,12.7,2.2,1936,241,25.7,3.2,1120,184,14.9,2.3,913,199,12.1,2.6,341,125,4.5,1.6,1256,201,16.7,2.6,7540,243,7540,(X),121,80,1.6,1.1,182,95,2.4,1.2,309,129,4.1,1.7,682,181,9.0,2.4,1066,215,14.1,2.7,1492,241,19.8,3.1,1269,184,16.8,2.6,1180,170,15.6,2.2,1239,154,16.4,2.1,6.4,0.3,(X),(X),7540,243,7540,(X),159,78,2.1,1.0,522,155,6.9,2.0,1549,226,20.5,2.8,3031,251,40.2,3.3,2042,177,27.1,2.4,237,73,3.1,1.0,7211,209,7211,(X),5636,246,78.2,2.8,1575,214,21.8,2.8,2.76,0.10,(X),(X),2.21,0.22,(X),(X),7211,209,7211,(X),38,46,0.5,0.6,1462,219,20.3,3.0,2751,270,38.2,3.7,1326,219,18.4,2.9,851,144,11.8,1.9,783,116,10.9,1.6,7211,209,7211,(X),261,107,3.6,1.5,2111,276,29.3,3.4,2917,252,40.5,3.3,1922,178,26.7,2.7,7211,209,7211,(X),1598,216,22.2,2.9,180,71,2.5,1.0,1630,231,22.6,3.1,3579,228,49.6,3.0,0,19,0.0,0.4,122,71,1.7,1.0,0,19,0.0,0.4,102,107,1.4,1.5,0,19,0.0,0.4,7211,209,7211,(X),17,20,0.2,0.3,29,21,0.4,0.3,109,70,1.5,1.0,7211,209,7211,(X),7109,212,98.6,1.1,34,36,0.5,0.5,68,74,0.9,1.0,5636,246,5636,(X),105,56,1.9,1.0,9,14,0.2,0.2,168,125,3.0,2.2,606,158,10.8,2.7,1396,213,24.8,3.4,2648,219,47.0,3.5,636,118,11.3,2.1,68,40,1.2,0.7,329700,9080,(X),(X),5636,246,5636,(X),4302,260,76.3,3.3,1334,196,23.7,3.3,4302,260,4302,(X),17,26,0.4,0.6,146,109,3.4,2.5,447,134,10.4,2.9,820,162,19.1,3.7,925,160,21.5,3.4,881,180,20.5,4.1,1066,151,24.8,3.4,2390,105,(X),(X),1334,196,1334,(X),34,28,2.5,2.2,32,26,2.4,2.0,101,54,7.6,4.1,297,110,22.3,7.5,314,99,23.5,6.0,556,131,41.7,7.9,935,56,(X),(X),4292,258,4292,(X),1072,147,25.0,3.5,950,194,22.1,4.2,798,156,18.6,3.4,463,130,10.8,2.9,1009,182,23.5,4.0,10,18,(X),(X),1327,195,1327,(X),325,92,24.5,5.9,389,108,29.3,7.2,161,60,12.1,4.3,153,72,11.5,5.0,75,44,5.7,3.3,51,42,3.8,3.1,173,77,13.0,5.2,7,11,(X),(X),1497,199,1497,(X),84,75,5.6,5.0,332,106,22.2,6.7,645,149,43.1,7.7,333,138,22.2,8.8,85,60,5.7,3.9,0,19,0.0,2.1,18,20,1.2,1.4,1337,60,(X),(X),78,62,(X),(X),1487,196,1487,(X),261,135,17.6,9.0,184,124,12.4,7.7,192,83,12.9,5.5,176,71,11.8,5.0,72,58,4.8,3.9,602,172,40.5,9.7,88,65,(X),(X)
0600000US0900108070,0900108070,"Bridgeport town, Fairfield County, Connecticut",57889,911,57889,(X),50367,792,87.0,0.9,7522,568,13.0,0.9,3.3,1.0,(X),(X),9.4,1.1,(X),(X),57889,911,57889,(X),14691,713,25.4,1.2,4202,409,7.3,0.7,9976,597,17.2,1.0,12776,632,22.1,1.0,3918,367,6.8,0.6,3447,339,6.0,0.6,8816,481,15.2,0.7,58,84,0.1,0.1,5,9,0.0,0.1,57889,911,57889,(X),0,28,0.0,0.1,329,119,0.6,0.2,1571,266,2.7,0.5,1873,304,3.2,0.5,4447,413,7.7,0.7,5073,407,8.8,0.7,6708,567,11.6,0.9,8371,536,14.5,0.9,7048,551,12.2,0.9,22469,715,38.8,1.1,57889,911,57889,(X),2418,359,4.2,0.6,1676,259,2.9,0.4,7802,534,13.5,0.9,12593,715,21.8,1.2,15575,734,26.9,1.2,10445,631,18.0,1.1,3647,420,6.3,0.7,1846,312,3.2,0.5,1887,286,3.3,0.5,4.8,0.1,(X),(X),57889,911,57889,(X),2501,365,4.3,0.6,10476,674,18.1,1.1,20620,942,35.6,1.5,18123,821,31.3,1.4,4711,462,8.1,0.8,1458,252,2.5,0.4,50367,792,50367,(X),20861,731,41.4,1.4,29506,857,58.6,1.4,2.92,0.07,(X),(X),2.77,0.06,(X),(X),50367,792,50367,(X),706,185,1.4,0.4,17878,769,35.5,1.5,19913,873,39.5,1.6,5835,447,11.6,0.9,2933,341,5.8,0.7,3102,323,6.2,0.6,50367,792,50367,(X),10537,627,20.9,1.1,20471,796,40.6,1.5,13464,762,26.7,1.4,5895,436,11.7,0.9,50367,792,50367,(X),30500,746,60.6,1.3,523,128,1.0,0.3,8151,631,16.2,1.2,10925,635,21.7,1.2,0,28,0.0,0.1,20,25,0.0,0.1,3,6,0.0,0.1,52,36,0.1,0.1,193,80,0.4,0.2,50367,792,50367,(X),376,131,0.7,0.3,504,173,1.0,0.3,1104,189,2.2,0.4,50367,792,50367,(X),47614,907,94.5,0.7,1858,282,3.7,0.6,895,191,1.8,0.4,20861,731,20861,(X),1327,228,6.4,1.1,2626,320,12.6,1.5,3773,363,18.1,1.6,5984,438,28.7,2.0,5186,417,24.9,1.8,1572,308,7.5,1.4,246,86,1.2,0.4,147,65,0.7,0.3,169100,2986,(X),(X),20861,731,20861,(X),14871,659,71.3,1.9,5990,434,28.7,1.9,14871,659,14871,(X),68,45,0.5,0.3,782,172,5.3,1.1,2553,325,17.2,2.0,4267,420,28.7,2.5,3694,327,24.8,2.2,2114,302,14.2,1.8,1393,226,9.4,1.5,1974,47,(X),(X),5990,434,5990,(X),169,56,2.8,0.9,277,111,4.6,1.9,913,199,15.2,3.0,1479,231,24.7,3.1,1170,194,19.5,3.0,1982,222,33.1,3.2,827,36,(X),(X),14815,660,14815,(X),3433,367,23.2,2.4,2193,326,14.8,2.1,1695,294,11.4,1.8,1489,243,10.1,1.6,6005,474,40.5,2.6,56,41,(X),(X),5878,431,5878,(X),850,188,14.5,3.0,898,185,15.3,3.1,768,165,13.1,2.5,634,143,10.8,2.4,606,183,10.3,2.9,304,91,5.2,1.5,1818,252,30.9,3.9,112,51,(X),(X),28814,829,28814,(X),3634,331,12.6,1.1,7926,476,27.5,1.6,12440,772,43.2,2.2,3958,424,13.7,1.4,653,182,2.3,0.6,151,97,0.5,0.3,52,44,0.2,0.2,1098,16,(X),(X),692,195,(X),(X),27742,837,27742,(X),2132,319,7.7,1.1,2454,339,8.8,1.2,2780,363,10.0,1.3,3213,415,11.6,1.4,2452,357,8.8,1.2,14711,615,53.0,1.9,1764,294,(X),(X)
0600000US0900108980,0900108980,"Brookfield town, Fairfield County, Connecticut",6507,284,6507,(X),5910,246,90.8,3.5,597,238,9.2,3.5,3.7,2.4,(X),(X),3.8,5.7,(X),(X),6507,284,6507,(X),4946,285,76.0,2.8,212,66,3.3,1.0,135,106,2.1,1.7,313,135,4.8,2.0,331,139,5.1,2.1,450,150,6.9,2.3,120,80,1.8,1.2,0,19,0.0,0.5,0,19,0.0,0.5,6507,284,6507,(X),0,19,0.0,0.5,98,68,1.5,1.0,650,128,10.0,1.9,419,100,6.4,1.6,1234,199,19.0,3.1,1313,221,20.2,3.5,1242,255,19.1,3.5,839,168,12.9,2.5,253,103,3.9,1.6,459,166,7.1,2.5,6507,284,6507,(X),62,70,1.0,1.1,108,61,1.7,0.9,266,134,4.1,2.0,726,177,11.2,2.7,781,206,12.0,3.1,1121,237,17.2,3.5,1031,198,15.8,2.9,1129,186,17.4,2.8,1283,181,19.7,2.9,6.7,0.2,(X),(X),6507,284,6507,(X),62,70,1.0,1.1,680,176,10.5,2.7,1141,216,17.5,3.1,2479,238,38.1,3.5,1880,213,28.9,3.1,265,113,4.1,1.7,5910,246,5910,(X),5008,319,84.7,3.6,902,210,15.3,3.6,2.88,0.11,(X),(X),2.75,0.57,(X),(X),5910,246,5910,(X),14,23,0.2,0.4,1249,214,21.1,3.6,2251,234,38.1,3.6,1199,185,20.3,3.0,625,155,10.6,2.6,572,141,9.7,2.3,5910,246,5910,(X),184,106,3.1,1.7,1320,271,22.3,4.1,2692,265,45.5,4.5,1714,201,29.0,3.6,5910,246,5910,(X),582,145,9.8,2.4,375,105,6.3,1.7,1041,225,17.6,3.6,3615,244,61.2,3.7,0,19,0.0,0.5,193,84,3.3,1.4,0,19,0.0,0.5,58,50,1.0,0.8,46,43,0.8,0.7,5910,246,5910,(X),17,27,0.3,0.5,17,27,0.3,0.5,17,20,0.3,0.3,5910,246,5910,(X),5848,268,99.0,0.9,62,55,1.0,0.9,0,19,0.0,0.5,5008,319,5008,(X),69,48,1.4,0.9,6,11,0.1,0.2,173,111,3.5,2.2,349,155,7.0,3.0,892,168,17.8,3.2,2455,281,49.0,4.4,1006,174,20.1,3.7,58,29,1.2,0.6,366300,12614,(X),(X),5008,319,5008,(X),3752,318,74.9,4.0,1256,212,25.1,4.0,3752,318,3752,(X),0,19,0.0,0.9,111,68,3.0,1.8,347,117,9.2,3.0,527,151,14.0,3.8,913,180,24.3,4.4,831,207,22.1,5.1,1023,182,27.3,4.6,2488,109,(X),(X),1256,212,1256,(X),0,19,0.0,2.6,28,26,2.2,2.0,27,29,2.1,2.2,303,124,24.1,8.4,310,112,24.7,8.6,588,146,46.8,8.5,974,65,(X),(X),3752,318,3752,(X),1314,212,35.0,4.8,641,164,17.1,3.9,484,138,12.9,3.7,194,76,5.2,2.0,1119,201,29.8,4.9,0,19,(X),(X),1236,214,1236,(X),485,130,39.2,7.9,236,100,19.1,7.0,100,55,8.1,4.5,107,54,8.7,4.2,0,19,0.0,2.6,95,55,7.7,4.3,213,95,17.2,6.9,20,26,(X),(X),785,202,785,(X),82,85,10.4,10.3,146,110,18.6,13.1,154,101,19.6,11.9,291,126,37.1,14.3,95,64,12.1,8.4,17,19,2.2,2.4,0,19,0.0,4.1,1518,307,(X),(X),117,73,(X),(X),712,187,712,(X),94,69,13.2,10.0,116,90,16.3,11.8,82,67,11.5,9.5,81,80,11.4,10.4,70,80,9.8,11.0,269,128,37.8,14.8,190,97,(X),(X)
0600000US0900118500,0900118500,"Danbury town, Fairfield County, Connecticut",31716,728,31716,(X),28894,639,91.1,1.1,2822,361,8.9,1.1,1.1,0.7,(X),(X),3.6,1.5,(X),(X),31716,728,31716,(X),13859,611,43.7,1.7,2994,274,9.4,0.9,3417,433,10.8,1.3,3617,392,11.4,1.2,2622,387,8.3,1.2,1692,285,5.3,0.9,3052,352,9.6,1.1,463,117,1.5,0.4,0,28,0.0,0.1,31716,728,31716,(X),35,34,0.1,0.1,450,165,1.4,0.5,3311,372,10.4,1.2,2211,284,7.0,0.9,4288,453,13.5,1.4,4614,466,14.5,1.4,4186,424,13.2,1.3,4308,441,13.6,1.3,1373,253,4.3,0.8,6940,453,21.9,1.3,31716,728,31716,(X),1014,238,3.2,0.7,625,163,2.0,0.5,3651,389,11.5,1.2,5486,491,17.3,1.5,7034,548,22.2,1.6,5009,434,15.8,1.4,3577,378,11.3,1.2,2416,265,7.6,0.8,2904,330,9.2,1.0,5.2,0.1,(X),(X),31716,728,31716,(X),1054,239,3.3,0.7,4494,434,14.2,1.3,10274,559,32.4,1.6,10518,667,33.2,2.0,4377,337,13.8,1.0,999,235,3.1,0.7,28894,639,28894,(X),17320,648,59.9,1.8,11574,592,40.1,1.8,2.76,0.07,(X),(X),2.80,0.13,(X),(X),28894,639,28894,(X),432,166,1.5,0.6,8115,580,28.1,1.9,10966,674,38.0,2.1,4183,378,14.5,1.3,2295,271,7.9,0.9,2903,324,10.0,1.1,28894,639,28894,(X),2423,312,8.4,1.0,9225,528,31.9,1.7,11404,662,39.5,2.1,5842,436,20.2,1.5,28894,639,28894,(X),9402,584,32.5,1.9,916,187,3.2,0.6,8214,543,28.4,1.8,9891,617,34.2,1.9,0,28,0.0,0.1,371,117,1.3,0.4,0,28,0.0,0.1,80,51,0.3,0.2,20,25,0.1,0.1,28894,639,28894,(X),80,72,0.3,0.2,354,161,1.2,0.6,421,159,1.5,0.5,28894,639,28894,(X),27412,782,94.9,1.1,921,243,3.2,0.9,561,186,1.9,0.6,17320,648,17320,(X),495,145,2.9,0.8,455,142,2.6,0.8,1003,201,5.8,1.2,1820,246,10.5,1.4,5682,413,32.8,2.0,6610,467,38.2,2.3,1122,203,6.5,1.1,133,74,0.8,0.4,288000,4852,(X),(X),17320,648,17320,(X),12706,547,73.4,1.7,4614,353,26.6,1.7,12706,547,12706,(X),93,79,0.7,0.6,598,154,4.7,1.2,1784,268,14.0,2.0,3226,358,25.4,2.6,2892,339,22.8,2.4,2380,305,18.7,2.4,1733,280,13.6,2.1,2113,58,(X),(X),4614,353,4614,(X),0,28,0.0,0.7,263,106,5.7,2.2,837,169,18.1,3.6,1308,274,28.3,4.9,1333,219,28.9,4.3,873,159,18.9,3.5,786,30,(X),(X),12599,559,12599,(X),3792,357,30.1,2.7,1818,284,14.4,2.1,1383,201,11.0,1.5,1438,250,11.4,1.9,4168,379,33.1,2.7,107,65,(X),(X),4614,353,4614,(X),1166,226,25.3,4.2,885,174,19.2,3.8,620,146,13.4,3.2,372,94,8.1,2.0,458,139,9.9,2.9,244,92,5.3,1.9,869,210,18.8,4.0,0,28,(X),(X),11129,578,11129,(X),1180,262,10.6,2.2,2124,309,19.1,2.8,4184,430,37.6,3.4,2624,442,23.6,3.8,887,239,8.0,2.1,81,50,0.7,0.4,49,42,0.4,0.4,1287,40,(X),(X),445,148,(X),(X),10933,575,10933,(X),1289,238,11.8,2.0,1101,225,10.1,2.0,1262,255,11.5,2.4,1467,268,13.4,2.3,1060,232,9.7,2.0,4754,414,43.5,3.1,641,161,(X),(X)
0600000US0900118850,0900118850,"Darien town, Fairfield County, Connecticut",6940,144,6940,(X),6555,151,94.5,2.0,385,144,5.5,2.0,1.3,1.1,(X),(X),9.4,6.7,(X),(X),6940,144,6940,(X),6283,181,90.5,1.7,161,58,2.3,0.8,160,72,2.3,1.0,99,52,1.4,0.8,127,58,1.8,0.8,29,27,0.4,0.4,74,48,1.1,0.7,7,11,0.1,0.2,0,22,0.0,0.5,6940,144,6940,(X),24,25,0.3,0.4,141,70,2.0,1.0,712,138,10.3,2.0,295,79,4.3,1.2,349,102,5.0,1.5,609,123,8.8,1.7,690,129,9.9,1.9,1492,186,21.5,2.6,729,126,10.5,1.8,1899,206,27.4,2.8,6940,144,6940,(X),26,19,0.4,0.3,32,40,0.5,0.6,192,68,2.8,1.0,279,96,4.0,1.4,407,118,5.9,1.7,677,152,9.8,2.2,807,114,11.6,1.6,1182,166,17.0,2.3,3338,184,48.1,2.6,8.4,0.2,(X),(X),6940,144,6940,(X),26,19,0.4,0.3,301,92,4.3,1.3,511,126,7.4,1.8,1714,195,24.7,2.7,2658,209,38.3,2.9,1730,166,24.9,2.3,6555,151,6555,(X),5680,188,86.7,2.2,875,149,13.3,2.2,3.31,0.08,(X),(X),2.87,0.35,(X),(X),6555,151,6555,(X),29,28,0.4,0.4,1500,191,22.9,2.8,2464,195,37.6,3.1,1179,137,18.0,2.0,634,118,9.7,1.7,749,113,11.4,1.7,6555,151,6555,(X),115,65,1.8,1.0,1333,181,20.3,2.6,3196,229,48.8,3.5,1911,173,29.2,2.6,6555,151,6555,(X),538,106,8.2,1.6,354,87,5.4,1.3,364,92,5.6,1.4,5228,209,79.8,2.7,6,11,0.1,0.2,32,35,0.5,0.5,0,22,0.0,0.5,14,16,0.2,0.2,19,21,0.3,0.3,6555,151,6555,(X),26,27,0.4,0.4,28,26,0.4,0.4,27,24,0.4,0.4,6555,151,6555,(X),6492,160,99.0,0.8,56,46,0.9,0.7,7,12,0.1,0.2,5680,188,5680,(X),46,33,0.8,0.6,8,13,0.1,0.2,35,25,0.6,0.4,14,13,0.2,0.2,55,34,1.0,0.6,200,67,3.5,1.2,1702,191,30.0,3.0,3620,177,63.7,3.1,1279900,81193,(X),(X),5680,188,5680,(X),4271,194,75.2,2.8,1409,171,24.8,2.8,4271,194,4271,(X),0,22,0.0,0.8,46,31,1.1,0.7,128,48,3.0,1.1,128,45,3.0,1.1,204,68,4.8,1.6,255,81,6.0,1.9,3510,217,82.2,2.7,"4,000+",***,(X),(X),1409,171,1409,(X),12,19,0.9,1.3,0,22,0.0,2.3,38,24,2.7,1.8,62,36,4.4,2.6,234,76,16.6,4.5,1063,147,75.4,5.1,"1,500+",***,(X),(X),4271,194,4271,(X),2069,165,48.4,4.0,497,117,11.6,2.6,347,86,8.1,1.9,269,85,6.3,2.0,1089,170,25.5,3.5,0,22,(X),(X),1400,167,1400,(X),466,105,33.3,6.1,222,70,15.9,4.8,115,47,8.2,3.3,134,68,9.6,4.7,133,60,9.5,4.2,39,30,2.8,2.1,291,91,20.8,5.8,9,14,(X),(X),816,140,816,(X),19,21,2.3,2.6,28,24,3.4,2.8,55,37,6.7,4.4,64,47,7.8,5.8,169,76,20.7,9.2,168,79,20.6,8.7,313,109,38.4,11.3,2717,271,(X),(X),59,38,(X),(X),783,138,783,(X),159,64,20.3,7.7,34,28,4.3,3.7,47,30,6.0,3.9,137,81,17.5,9.5,98,56,12.5,6.6,308,93,39.3,10.3,92,59,(X),(X)
0600000US0900123890,0900123890,"Easton town, Fairfield County, Connecticut",2757,120,2757,(X),2682,107,97.3,1.8,75,51,2.7,1.8,0.0,1.3,(X),(X),0.0,17.4,(X),(X),2757,120,2757,(X),2675,116,97.0,2.1,44,42,1.6,1.5,10,16,0.4,0.6,0,17,0.0,1.2,23,25,0.8,0.9,0,17,0.0,1.2,0,17,0.0,1.2,5,11,0.2,0.4,0,17,0.0,1.2,2757,120,2757,(X),0,17,0.0,1.2,0,17,0.0,1.2,213,77,7.7,2.8,268,90,9.7,3.3,252,91,9.1,3.3,497,113,18.0,4.1,419,108,15.2,3.7,441,113,16.0,4.1,292,82,10.6,3.0,375,93,13.6,3.2,2757,120,2757,(X),0,17,0.0,1.2,8,12,0.3,0.4,43,33,1.6,1.2,58,46,2.1,1.6,61,42,2.2,1.5,347,83,12.6,2.9,415,115,15.1,4.0,567,115,20.6,4.2,1258,162,45.6,5.8,8.3,0.3,(X),(X),2757,120,2757,(X),0,17,0.0,1.2,49,34,1.8,1.2,175,68,6.3,2.4,847,127,30.7,4.1,1312,131,47.6,4.8,374,111,13.6,4.0,2682,107,2682,(X),2513,105,93.7,2.6,169,71,6.3,2.6,2.88,0.12,(X),(X),2.21,0.40,(X),(X),2682,107,2682,(X),18,26,0.7,1.0,414,94,15.4,3.5,951,140,35.5,4.9,602,114,22.4,4.4,299,82,11.1,3.0,398,88,14.8,3.1,2682,107,2682,(X),21,25,0.8,0.9,484,107,18.0,3.9,1290,144,48.1,5.0,887,122,33.1,4.4,2682,107,2682,(X),395,85,14.7,3.1,128,52,4.8,1.9,81,50,3.0,1.9,2054,124,76.6,3.2,0,17,0.0,1.2,13,15,0.5,0.5,0,17,0.0,1.2,0,17,0.0,1.2,11,15,0.4,0.6,2682,107,2682,(X),12,20,0.4,0.7,20,24,0.7,0.9,12,20,0.4,0.7,2682,107,2682,(X),2682,107,100.0,1.2,0,17,0.0,1.2,0,17,0.0,1.2,2513,105,2513,(X),68,42,2.7,1.6,9,15,0.4,0.6,10,16,0.4,0.7,8,14,0.3,0.6,31,31,1.2,1.3,523,110,20.8,4.4,1620,141,64.5,5.2,244,99,9.7,3.8,645900,24541,(X),(X),2513,105,2513,(X),1824,119,72.6,4.0,689,108,27.4,4.0,1824,119,1824,(X),0,17,0.0,1.8,18,22,1.0,1.2,28,27,1.5,1.5,84,53,4.6,2.9,143,70,7.8,3.8,141,59,7.7,3.2,1410,132,77.3,5.9,3921,223,(X),(X),689,108,689,(X),11,15,1.6,2.3,0,17,0.0,4.6,42,36,6.1,5.0,28,28,4.1,4.1,54,32,7.8,4.6,554,106,80.4,7.5,"1,500+",***,(X),(X),1812,115,1812,(X),400,99,22.1,5.4,244,94,13.5,5.0,169,64,9.3,3.5,244,98,13.5,5.2,755,122,41.7,6.6,12,20,(X),(X),679,106,679,(X),131,55,19.3,7.6,149,60,21.9,7.4,52,38,7.7,5.4,73,41,10.8,6.3,54,35,8.0,4.7,55,40,8.1,5.7,165,57,24.3,7.9,10,17,(X),(X),125,60,125,(X),0,17,0.0,22.6,38,35,30.4,24.7,12,19,9.6,14.1,31,40,24.8,29.0,20,22,16.0,17.4,0,17,0.0,22.6,24,23,19.2,19.0,1702,733,(X),(X),44,36,(X),(X),125,60,125,(X),7,10,5.6,9.0,31,28,24.8,19.8,40,45,32.0,29.8,0,17,0.0,22.6,0,17,0.0,22.6,47,37,37.6,26.6,44,36,(X),(X)
0600000US0900126620,0900126620,"Fairfield town, Fairfield County, Connecticut",21359,364,21359,(X),20233,369,94.7,0.9,1126,203,5.3,0.9,0.6,0.4,(X),(X),5.7,2.5,(X),(X),21359,364,21359,(X),17089,374,80.0,1.2,1186,185,5.6,0.9,1246,219,5.8,1.0,682,158,3.2,0.7,409,131,1.9,0.6,203,76,1.0,0.4,452,102,2.1,0.5,92,86,0.4,0.4,0,28,0.0,0.2,21359,364,21359,(X),27,24,0.1,0.1,84,54,0.4,0.3,1075,195,5.0,0.9,1136,177,5.3,0.8,1196,188,5.6,0.9,2183,211,10.2,1.0,3236,269,15.2,1.2,5003,302,23.4,1.4,2638,269,12.4,1.2,4781,304,22.4,1.4,21359,364,21359,(X),109,67,0.5,0.3,166,81,0.8,0.4,581,139,2.7,0.6,1904,223,8.9,1.0,2644,267,12.4,1.3,3825,347,17.9,1.6,3446,321,16.1,1.5,3255,296,15.2,1.3,5429,277,25.4,1.3,6.9,0.1,(X),(X),21359,364,21359,(X),115,68,0.5,0.3,1001,194,4.7,0.9,3846,302,18.0,1.4,8279,421,38.8,1.8,6165,353,28.9,1.6,1953,176,9.1,0.8,20233,369,20233,(X),16623,429,82.2,1.6,3610,344,17.8,1.6,2.86,0.05,(X),(X),2.47,0.18,(X),(X),20233,369,20233,(X),75,40,0.4,0.2,4338,316,21.4,1.6,6800,363,33.6,1.6,4188,315,20.7,1.6,1882,207,9.3,1.0,2950,242,14.6,1.1,20233,369,20233,(X),667,125,3.3,0.6,4991,340,24.7,1.5,9767,404,48.3,1.8,4808,288,23.8,1.5,20233,369,20233,(X),10865,409,53.7,1.6,349,87,1.7,0.4,882,155,4.4,0.8,7954,338,39.3,1.6,12,20,0.1,0.1,69,52,0.3,0.3,19,27,0.1,0.1,64,35,0.3,0.2,19,16,0.1,0.1,20233,369,20233,(X),201,109,1.0,0.5,216,113,1.1,0.6,307,116,1.5,0.6,20233,369,20233,(X),20094,383,99.3,0.3,111,54,0.5,0.3,28,32,0.1,0.2,16623,429,16623,(X),247,64,1.5,0.4,54,40,0.3,0.2,116,51,0.7,0.3,196,78,1.2,0.5,990,142,6.0,0.9,5193,389,31.2,2.1,7459,358,44.9,1.9,2368,194,14.2,1.1,578900,12209,(X),(X),16623,429,16623,(X),11805,352,71.0,1.7,4818,340,29.0,1.7,11805,352,11805,(X),13,13,0.1,0.1,224,97,1.9,0.8,506,112,4.3,0.9,1144,177,9.7,1.5,1844,218,15.6,1.8,1626,213,13.8,1.7,6448,313,54.6,2.2,3165,70,(X),(X),4818,340,4818,(X),28,24,0.6,0.5,140,55,2.9,1.1,258,82,5.4,1.7,531,127,11.0,2.4,753,124,15.6,2.7,3108,295,64.5,3.7,1157,50,(X),(X),11783,352,11783,(X),4215,287,35.8,2.4,1953,242,16.6,1.9,1523,185,12.9,1.5,942,126,8.0,1.1,3150,245,26.7,1.7,22,18,(X),(X),4774,335,4774,(X),1321,158,27.7,3.0,818,138,17.1,2.5,627,145,13.1,2.8,448,111,9.4,2.2,350,86,7.3,1.8,196,75,4.1,1.5,1014,152,21.2,2.8,44,31,(X),(X),3292,306,3292,(X),216,88,6.6,2.6,315,83,9.6,2.4,815,181,24.8,5.3,756,175,23.0,4.9,550,137,16.7,3.5,258,111,7.8,3.3,382,127,11.6,3.7,1698,106,(X),(X),318,117,(X),(X),3246,299,3246,(X),404,116,12.4,3.3,374,115,11.5,3.5,484,139,14.9,4.3,329,86,10.1,2.8,315,122,9.7,3.6,1340,241,41.3,5.6,364,125,(X),(X)
0600000US0900133620,0900133620,"Greenwich town, Fairfield County, Connecticut",24242,535,24242,(X),22083,432,91.1,1.4,2159,363,8.9,1.4,1.9,0.7,(X),(X),6.3,2.1,(X),(X),24242,535,24242,(X),15418,462,63.6,1.5,1819,264,7.5,1.1,2516,312,10.4,1.3,1337,230,5.5,1.0,988,194,4.1,0.8,640,143,2.6,0.6,1487,184,6.1,0.7,37,37,0.2,0.2,0,28,0.0,0.1,24242,535,24242,(X),21,21,0.1,0.1,330,103,1.4,0.4,1977,240,8.2,1.0,1584,237,6.5,1.0,1792,249,7.4,1.0,2792,297,11.5,1.2,3084,281,12.7,1.1,4012,357,16.5,1.4,1618,233,6.7,1.0,7032,418,29.0,1.7,24242,535,24242,(X),200,76,0.8,0.3,627,141,2.6,0.6,1679,237,6.9,0.9,2801,356,11.6,1.4,2781,407,11.5,1.7,2857,287,11.8,1.2,2420,292,10.0,1.2,2607,301,10.8,1.2,8270,370,34.1,1.5,7.0,0.2,(X),(X),24242,535,24242,(X),246,81,1.0,0.3,2540,287,10.5,1.1,4782,450,19.7,1.7,5852,406,24.1,1.6,5451,379,22.5,1.5,5371,300,22.2,1.3,22083,432,22083,(X),14845,448,67.2,1.5,7238,350,32.8,1.5,2.94,0.07,(X),(X),2.49,0.11,(X),(X),22083,432,22083,(X),317,107,1.4,0.5,6612,402,29.9,1.8,7261,388,32.9,1.7,3652,296,16.5,1.3,1516,184,6.9,0.8,2725,232,12.3,1.0,22083,432,22083,(X),950,190,4.3,0.8,6646,437,30.1,1.7,8758,444,39.7,2.0,5729,349,25.9,1.6,22083,432,22083,(X),13331,464,60.4,1.8,522,126,2.4,0.6,2757,293,12.5,1.3,5331,323,24.1,1.4,0,28,0.0,0.1,14,22,0.1,0.1,0,28,0.0,0.1,108,61,0.5,0.3,20,22,0.1,0.1,22083,432,22083,(X),68,59,0.3,0.3,122,61,0.6,0.3,123,60,0.6,0.3,22083,432,22083,(X),21803,464,98.7,0.5,254,99,1.2,0.5,26,34,0.1,0.2,14845,448,14845,(X),129,61,0.9,0.4,104,62,0.7,0.4,104,65,0.7,0.4,127,62,0.9,0.4,380,103,2.6,0.7,1159,196,7.8,1.3,4349,301,29.3,1.7,8493,326,57.2,1.8,1169900,40287,(X),(X),14845,448,14845,(X),9367,400,63.1,2.2,5478,398,36.9,2.2,9367,400,9367,(X),13,15,0.1,0.2,116,65,1.2,0.7,369,120,3.9,1.3,622,156,6.6,1.6,623,144,6.7,1.5,903,189,9.6,1.9,6721,328,71.8,2.7,"4,000+",***,(X),(X),5478,398,5478,(X),17,18,0.3,0.3,90,59,1.6,1.1,236,79,4.3,1.4,593,142,10.8,2.5,779,147,14.2,2.4,3763,323,68.7,3.1,1396,77,(X),(X),9292,396,9292,(X),3900,290,42.0,3.0,1059,181,11.4,1.9,828,158,8.9,1.7,626,149,6.7,1.5,2879,315,31.0,2.8,75,41,(X),(X),5437,400,5437,(X),1980,234,36.4,3.7,952,164,17.5,2.7,518,95,9.5,1.6,343,76,6.3,1.4,311,104,5.7,1.9,119,47,2.2,0.9,1214,219,22.3,3.4,41,37,(X),(X),6734,364,6734,(X),323,101,4.8,1.5,713,159,10.6,2.4,1232,210,18.3,3.2,1830,270,27.2,3.7,1112,191,16.5,2.6,607,164,9.0,2.4,917,196,13.6,2.7,1800,56,(X),(X),504,134,(X),(X),6643,363,6643,(X),1496,243,22.5,3.4,837,170,12.6,2.5,676,172,10.2,2.5,607,139,9.1,2.2,587,179,8.8,2.6,2440,314,36.7,4.2,595,136,(X),(X)
0600000US0900148620,0900148620,"Monroe town, Fairfield County, Connecticut",7047,246,7047,(X),6694,213,95.0,2.2,353,163,5.0,2.2,0.9,1.4,(X),(X),10.4,13.2,(X),(X),7047,246,7047,(X),5974,267,84.8,2.7,589,177,8.4,2.4,121,85,1.7,1.2,152,110,2.2,1.6,211,74,3.0,1.0,0,19,0.0,0.5,0,19,0.0,0.5,0,19,0.0,0.5,0,19,0.0,0.5,7047,246,7047,(X),0,19,0.0,0.5,0,19,0.0,0.5,218,112,3.1,1.6,1037,198,14.7,2.9,1665,259,23.6,3.6,1138,195,16.1,2.8,1263,227,17.9,2.9,894,220,12.7,3.1,279,117,4.0,1.7,553,163,7.8,2.3,7047,246,7047,(X),0,19,0.0,0.5,68,55,1.0,0.8,76,54,1.1,0.8,295,117,4.2,1.7,880,199,12.5,2.7,1367,238,19.4,3.3,1181,222,16.8,3.2,1391,234,19.7,3.2,1789,277,25.4,4.0,7.2,0.3,(X),(X),7047,246,7047,(X),20,31,0.3,0.4,354,120,5.0,1.7,915,193,13.0,2.7,2830,300,40.2,4.0,2551,280,36.2,3.9,377,120,5.3,1.7,6694,213,6694,(X),6171,241,92.2,2.0,523,136,7.8,2.0,2.97,0.10,(X),(X),2.66,0.35,(X),(X),6694,213,6694,(X),28,36,0.4,0.5,764,204,11.4,3.0,2209,291,33.0,4.1,1895,244,28.3,3.6,654,150,9.8,2.3,1144,187,17.1,2.7,6694,213,6694,(X),152,77,2.3,1.1,1342,226,20.0,3.2,2813,342,42.0,4.7,2387,218,35.7,3.5,6694,213,6694,(X),1898,237,28.4,3.2,189,104,2.8,1.6,359,110,5.4,1.6,4023,254,60.1,3.5,17,27,0.3,0.4,148,80,2.2,1.2,0,19,0.0,0.5,60,52,0.9,0.8,0,19,0.0,0.5,6694,213,6694,(X),0,19,0.0,0.5,3,9,0.0,0.1,59,55,0.9,0.8,6694,213,6694,(X),6666,222,99.6,0.6,13,21,0.2,0.3,15,25,0.2,0.4,6171,241,6171,(X),84,60,1.4,1.0,37,42,0.6,0.7,93,63,1.5,1.0,177,85,2.9,1.4,1450,241,23.5,3.6,2878,296,46.6,4.5,1393,231,22.6,3.8,59,57,1.0,0.9,377200,14400,(X),(X),6171,241,6171,(X),4458,287,72.2,3.6,1713,230,27.8,3.6,4458,287,4458,(X),0,19,0.0,0.7,53,45,1.2,1.0,195,92,4.4,2.1,668,186,15.0,3.9,909,209,20.4,4.6,914,212,20.5,4.5,1719,273,38.6,5.7,2721,127,(X),(X),1713,230,1713,(X),23,28,1.3,1.6,30,34,1.8,2.0,88,59,5.1,3.5,151,79,8.8,4.5,600,177,35.0,8.2,821,172,47.9,8.1,990,54,(X),(X),4458,287,4458,(X),1503,237,33.7,5.1,797,177,17.9,3.9,505,159,11.3,3.7,459,165,10.3,3.6,1194,244,26.8,4.8,0,19,(X),(X),1690,233,1690,(X),462,161,27.3,8.0,265,98,15.7,5.7,215,87,12.7,4.7,230,102,13.6,5.5,63,47,3.7,2.7,103,61,6.1,3.8,352,111,20.8,6.0,23,29,(X),(X),392,131,392,(X),17,24,4.3,6.3,35,39,8.9,10.8,105,74,26.8,17.3,89,78,22.7,16.5,91,68,23.2,16.6,29,34,7.4,8.7,26,39,6.6,9.3,1719,347,(X),(X),131,75,(X),(X),392,131,392,(X),43,65,11.0,14.8,16,26,4.1,6.9,31,37,7.9,9.7,80,75,20.4,17.9,52,47,13.3,12.8,170,87,43.4,17.8,131,75,(X),(X)
0600000US0900150580,0900150580,"New Canaan town, Fairfield County, Connecticut",7310,211,7310,(X),6857,186,93.8,2.2,453,168,6.2,2.2,1.5,1.5,(X),(X),2.5,4.0,(X),(X),7310,211,7310,(X),5334,248,73.0,2.4,653,132,8.9,1.8,423,147,5.8,2.0,266,115,3.6,1.6,328,121,4.5,1.7,188,100,2.6,1.4,118,65,1.6,0.9,0,22,0.0,0.4,0,22,0.0,0.4,7310,211,7310,(X),9,14,0.1,0.2,58,72,0.8,1.0,747,167,10.2,2.3,535,144,7.3,1.9,800,168,10.9,2.3,1049,186,14.4,2.5,1317,185,18.0,2.6,1333,243,18.2,3.2,301,128,4.1,1.7,1161,221,15.9,3.0,7310,211,7310,(X),15,22,0.2,0.3,108,86,1.5,1.2,294,124,4.0,1.7,349,113,4.8,1.5,636,170,8.7,2.3,893,218,12.2,2.9,535,134,7.3,1.9,933,175,12.8,2.4,3547,202,48.5,2.6,8.4,0.2,(X),(X),7310,211,7310,(X),15,22,0.2,0.3,372,142,5.1,1.9,998,220,13.7,3.0,1588,237,21.7,3.1,2225,262,30.4,3.6,2112,186,28.9,2.5,6857,186,6857,(X),5349,219,78.0,2.5,1508,179,22.0,2.5,3.10,0.10,(X),(X),2.37,0.23,(X),(X),6857,186,6857,(X),106,73,1.5,1.1,1810,244,26.4,3.4,2238,237,32.6,3.6,1379,174,20.1,2.4,618,124,9.0,1.8,706,119,10.3,1.7,6857,186,6857,(X),90,51,1.3,0.7,1892,226,27.6,3.0,2858,239,41.7,3.4,2017,165,29.4,2.5,6857,186,6857,(X),387,134,5.6,2.0,334,115,4.9,1.7,895,163,13.1,2.3,5157,251,75.2,3.1,14,24,0.2,0.3,34,38,0.5,0.6,0,22,0.0,0.5,36,30,0.5,0.4,0,22,0.0,0.5,6857,186,6857,(X),0,22,0.0,0.5,15,22,0.2,0.3,29,32,0.4,0.5,6857,186,6857,(X),6821,188,99.5,0.5,21,24,0.3,0.3,15,25,0.2,0.4,5349,219,5349,(X),28,23,0.5,0.4,6,9,0.1,0.2,20,22,0.4,0.4,50,40,0.9,0.7,167,83,3.1,1.6,227,89,4.2,1.7,1308,201,24.5,3.3,3543,186,66.2,3.3,1332000,118387,(X),(X),5349,219,5349,(X),3685,240,68.9,3.6,1664,210,31.1,3.6,3685,240,3685,(X),0,22,0.0,0.9,0,22,0.0,0.9,42,49,1.1,1.3,173,62,4.7,1.6,175,64,4.7,1.7,207,78,5.6,2.1,3088,239,83.8,3.4,"4,000+",***,(X),(X),1664,210,1664,(X),0,22,0.0,1.9,7,12,0.4,0.7,106,60,6.4,3.4,54,36,3.2,2.2,53,39,3.2,2.3,1444,192,86.8,4.5,"1,500+",***,(X),(X),3664,244,3664,(X),1513,199,41.3,5.1,336,96,9.2,2.6,415,113,11.3,3.0,304,94,8.3,2.6,1096,198,29.9,4.4,21,25,(X),(X),1658,209,1658,(X),536,111,32.3,6.1,371,125,22.4,6.3,141,61,8.5,3.6,95,59,5.7,3.5,117,51,7.1,3.0,82,49,4.9,3.0,316,98,19.1,5.3,6,10,(X),(X),1357,185,1357,(X),114,79,8.4,5.7,125,66,9.2,4.7,144,84,10.6,5.9,370,139,27.3,9.2,312,135,23.0,10.0,105,76,7.7,5.6,187,108,13.8,7.9,1899,151,(X),(X),151,89,(X),(X),1357,185,1357,(X),316,137,23.3,9.8,198,100,14.6,7.0,49,37,3.6,2.7,195,118,14.4,8.6,57,73,4.2,5.3,542,171,39.9,11.6,151,89,(X),(X)
0600000US0900150860,0900150860,"New Fairfield town, Fairfield County, Connecticut",5863,205,5863,(X),4851,179,82.7,2.3,1012,150,17.3,2.3,0.0,0.7,(X),(X),21.1,21.7,(X),(X),5863,205,5863,(X),5695,189,97.1,1.0,40,33,0.7,0.6,80,54,1.4,0.9,18,19,0.3,0.3,21,13,0.4,0.2,0,19,0.0,0.6,0,19,0.0,0.6,9,15,0.2,0.2,0,19,0.0,0.6,5863,205,5863,(X),0,19,0.0,0.6,16,23,0.3,0.4,300,115,5.1,2.0,607,118,10.4,1.9,727,118,12.4,2.0,1066,149,18.2,2.6,1210,146,20.6,2.3,891,161,15.2,2.7,400,112,6.8,1.9,646,155,11.0,2.5,5863,205,5863,(X),0,19,0.0,0.6,29,35,0.5,0.6,139,81,2.4,1.4,566,151,9.7,2.5,641,139,10.9,2.3,1028,185,17.5,3.3,1344,197,22.9,3.2,1032,167,17.6,2.9,1084,168,18.5,2.7,6.9,0.2,(X),(X),5863,205,5863,(X),0,19,0.0,0.6,219,81,3.7,1.3,945,175,16.1,2.9,2765,260,47.2,4.4,1650,199,28.1,3.2,284,102,4.8,1.7,4851,179,4851,(X),4630,223,95.4,2.1,221,102,4.6,2.1,2.87,0.10,(X),(X),3.63,0.85,(X),(X),4851,179,4851,(X),10,15,0.2,0.3,538,138,11.1,2.8,1472,185,30.3,3.7,1467,158,30.2,3.0,649,116,13.4,2.3,715,108,14.7,2.1,4851,179,4851,(X),83,45,1.7,0.9,919,150,18.9,2.8,2358,201,48.6,3.7,1491,141,30.7,3.1,4851,179,4851,(X),116,52,2.4,1.1,224,86,4.6,1.7,598,129,12.3,2.6,3647,206,75.2,3.7,0,19,0.0,0.7,216,75,4.5,1.5,0,19,0.0,0.7,36,27,0.7,0.6,14,22,0.3,0.5,4851,179,4851,(X),16,19,0.3,0.4,7,12,0.1,0.3,25,20,0.5,0.4,4851,179,4851,(X),4772,205,98.4,1.2,72,63,1.5,1.3,7,15,0.1,0.3,4630,223,4630,(X),148,52,3.2,1.1,0,19,0.0,0.7,169,74,3.7,1.6,236,84,5.1,1.7,1009,171,21.8,3.4,2168,209,46.8,4.3,763,124,16.5,2.6,137,58,3.0,1.2,352800,9392,(X),(X),4630,223,4630,(X),3283,212,70.9,3.4,1347,178,29.1,3.4,3283,212,3283,(X),37,29,1.1,0.9,110,50,3.4,1.6,246,67,7.5,1.9,759,168,23.1,4.7,858,164,26.1,4.4,569,122,17.3,3.7,704,109,21.4,3.6,2285,72,(X),(X),1347,178,1347,(X),9,13,0.7,0.9,84,49,6.2,3.6,211,87,15.7,5.8,229,76,17.0,4.5,314,72,23.3,5.6,500,97,37.1,5.7,872,41,(X),(X),3283,212,3283,(X),1014,144,30.9,4.4,565,142,17.2,4.2,655,153,20.0,4.1,365,120,11.1,3.5,684,128,20.8,3.9,0,19,(X),(X),1331,175,1331,(X),410,112,30.8,6.4,310,81,23.3,5.2,168,56,12.6,4.2,87,43,6.5,3.3,63,35,4.7,2.7,67,39,5.0,2.8,226,68,17.0,4.6,16,19,(X),(X),196,99,196,(X),0,19,0.0,15.2,20,22,10.2,11.8,7,15,3.6,8.5,88,71,44.9,24.3,61,52,31.1,20.6,9,14,4.6,8.0,11,18,5.6,9.5,1903,222,(X),(X),25,24,(X),(X),185,99,185,(X),16,18,8.6,10.2,19,24,10.3,13.4,42,56,22.7,27.3,0,19,0.0,16.1,11,18,5.9,10.2,97,73,52.4,28.0,36,28,(X),(X)
0600000US0900152980,0900152980,"Newtown town, Fairfield County, Connecticut",10167,362,10167,(X),9714,305,95.5,1.6,453,173,4.5,1.6,0.6,0.8,(X),(X),5.9,5.6,(X),(X),10167,362,10167,(X),8839,326,86.9,2.0,318,114,3.1,1.1,186,98,1.8,1.0,320,111,3.1,1.1,135,68,1.3,0.7,24,36,0.2,0.4,180,116,1.8,1.1,165,64,1.6,0.6,0,22,0.0,0.3,10167,362,10167,(X),4,6,0.0,0.1,52,42,0.5,0.4,1501,212,14.8,2.1,1554,192,15.3,1.8,1314,210,12.9,2.0,1404,199,13.8,1.9,1501,196,14.8,2.0,1221,205,12.0,2.0,412,115,4.1,1.1,1204,224,11.8,2.1,10167,362,10167,(X),158,99,1.6,1.0,168,97,1.7,1.0,401,109,3.9,1.1,593,140,5.8,1.3,772,172,7.6,1.7,1350,212,13.3,2.1,1627,243,16.0,2.3,1924,246,18.9,2.2,3174,270,31.2,2.4,7.5,0.1,(X),(X),10167,362,10167,(X),158,99,1.6,1.0,589,155,5.8,1.5,1391,209,13.7,1.9,3238,329,31.8,2.9,4191,276,41.2,2.6,600,121,5.9,1.2,9714,305,9714,(X),8481,369,87.3,2.2,1233,207,12.7,2.2,2.89,0.09,(X),(X),2.38,0.30,(X),(X),9714,305,9714,(X),81,42,0.8,0.4,1622,236,16.7,2.3,3802,308,39.1,3.2,2206,214,22.7,2.0,991,171,10.2,1.7,1012,183,10.4,1.9,9714,305,9714,(X),222,93,2.3,1.0,1918,282,19.7,2.6,4570,286,47.0,2.6,3004,230,30.9,2.4,9714,305,9714,(X),1128,181,11.6,1.8,505,110,5.2,1.1,472,116,4.9,1.2,7106,290,73.2,2.2,0,22,0.0,0.3,380,102,3.9,1.0,0,22,0.0,0.3,123,51,1.3,0.5,0,22,0.0,0.3,9714,305,9714,(X),32,36,0.3,0.4,143,109,1.5,1.1,54,42,0.6,0.4,9714,305,9714,(X),9619,329,99.0,0.6,67,51,0.7,0.5,28,25,0.3,0.3,8481,369,8481,(X),169,84,2.0,1.0,48,37,0.6,0.4,121,85,1.4,1.0,243,108,2.9,1.3,1231,228,14.5,2.5,3929,313,46.3,3.4,2490,281,29.4,3.0,250,86,2.9,1.0,414700,14570,(X),(X),8481,369,8481,(X),6197,371,73.1,2.8,2284,254,26.9,2.8,6197,371,6197,(X),33,29,0.5,0.5,44,29,0.7,0.5,436,119,7.0,1.8,679,153,11.0,2.3,1073,182,17.3,2.8,1001,153,16.2,2.3,2931,288,47.3,3.9,2916,116,(X),(X),2284,254,2284,(X),0,22,0.0,1.4,30,33,1.3,1.4,96,61,4.2,2.6,484,125,21.2,5.0,517,148,22.6,6.0,1157,191,50.7,6.5,1007,59,(X),(X),6189,372,6189,(X),2060,216,33.3,3.1,1163,190,18.8,2.9,887,160,14.3,2.4,462,102,7.5,1.6,1617,245,26.1,3.4,8,12,(X),(X),2284,254,2284,(X),566,137,24.8,5.4,276,92,12.1,3.9,291,90,12.7,3.8,255,116,11.2,4.8,160,58,7.0,2.5,94,54,4.1,2.3,642,165,28.1,6.5,0,22,(X),(X),1209,204,1209,(X),65,51,5.4,4.3,274,104,22.7,8.2,388,133,32.1,9.7,183,104,15.1,7.8,148,64,12.2,4.9,108,68,8.9,5.5,43,54,3.6,4.4,1336,160,(X),(X),24,21,(X),(X),1199,204,1199,(X),77,42,6.4,3.8,186,89,15.5,7.0,103,51,8.6,4.4,163,91,13.6,7.3,141,87,11.8,6.8,529,150,44.1,8.9,34,30,(X),(X)
0600000US0900156060,0900156060,"Norwalk town, Fairfield County, Connecticut",35800,682,35800,(X),34137,654,95.4,0.8,1663,283,4.6,0.8,0.7,0.4,(X),(X),2.5,1.1,(X),(X),35800,682,35800,(X),17408,539,48.6,1.4,1803,283,5.0,0.8,4017,470,11.2,1.2,3631,393,10.1,1.1,2353,291,6.6,0.8,2214,287,6.2,0.8,4224,387,11.8,1.0,142,130,0.4,0.4,8,14,0.0,0.1,35800,682,35800,(X),17,18,0.0,0.1,517,133,1.4,0.4,2206,253,6.2,0.7,2007,288,5.6,0.8,3660,385,10.2,1.1,4089,385,11.4,1.0,5059,446,14.1,1.2,7079,459,19.8,1.2,3447,367,9.6,1.0,7719,468,21.6,1.3,35800,682,35800,(X),781,210,2.2,0.6,1309,265,3.7,0.7,3281,398,9.2,1.1,7392,596,20.6,1.5,6088,478,17.0,1.3,5504,361,15.4,1.1,4529,371,12.7,1.0,3220,334,9.0,0.9,3696,334,10.3,0.9,5.3,0.2,(X),(X),35800,682,35800,(X),820,214,2.3,0.6,6195,622,17.3,1.6,10452,594,29.2,1.5,10882,480,30.4,1.4,5841,435,16.3,1.2,1610,251,4.5,0.7,34137,654,34137,(X),21088,691,61.8,1.6,13049,593,38.2,1.6,2.64,0.06,(X),(X),2.39,0.10,(X),(X),34137,654,34137,(X),305,104,0.9,0.3,9451,604,27.7,1.7,12595,589,36.9,1.7,5265,454,15.4,1.2,2522,289,7.4,0.8,3999,314,11.7,0.9,34137,654,34137,(X),2997,444,8.8,1.3,12218,751,35.8,1.8,13242,631,38.8,1.9,5680,409,16.6,1.3,34137,654,34137,(X),10312,532,30.2,1.4,1121,205,3.3,0.6,7328,507,21.5,1.5,15013,662,44.0,1.7,5,9,0.0,0.1,113,62,0.3,0.2,39,55,0.1,0.2,154,76,0.5,0.2,52,42,0.2,0.1,34137,654,34137,(X),41,41,0.1,0.1,132,70,0.4,0.2,584,158,1.7,0.5,34137,654,34137,(X),33191,714,97.2,0.6,736,198,2.2,0.6,210,88,0.6,0.3,21088,691,21088,(X),323,94,1.5,0.5,325,148,1.5,0.7,423,121,2.0,0.6,864,201,4.1,0.9,2857,315,13.5,1.4,9391,573,44.5,2.0,5821,331,27.6,1.7,1084,164,5.1,0.8,410000,8442,(X),(X),21088,691,21088,(X),15438,682,73.2,1.7,5650,370,26.8,1.7,15438,682,15438,(X),11,17,0.1,0.1,424,139,2.7,0.9,1505,293,9.7,1.8,2334,274,15.1,1.5,2874,330,18.6,2.0,2598,366,16.8,2.3,5692,390,36.9,2.3,2610,75,(X),(X),5650,370,5650,(X),31,27,0.5,0.5,110,56,1.9,1.0,344,116,6.1,2.1,984,172,17.4,2.8,1373,222,24.3,3.2,2808,258,49.7,3.5,998,29,(X),(X),15321,672,15321,(X),4222,366,27.6,2.1,2216,255,14.5,1.7,1876,289,12.2,1.8,1624,228,10.6,1.4,5383,449,35.1,2.2,117,120,(X),(X),5541,367,5541,(X),1013,181,18.3,3.0,1058,190,19.1,3.1,878,173,15.8,3.0,555,128,10.0,2.2,461,130,8.3,2.2,255,66,4.6,1.2,1321,181,23.8,3.1,109,67,(X),(X),12772,574,12772,(X),1211,237,9.5,1.8,1802,284,14.1,2.2,4271,390,33.4,2.7,3094,383,24.2,2.7,1453,277,11.4,2.1,562,138,4.4,1.1,379,122,3.0,0.9,1408,35,(X),(X),277,97,(X),(X),12701,571,12701,(X),1520,263,12.0,2.0,1675,306,13.2,2.3,1703,319,13.4,2.4,1390,243,10.9,1.9,979,215,7.7,1.7,5434,496,42.8,3.3,348,109,(X),(X)
0600000US0900163480,0900163480,"Redding town, Fairfield County, Connecticut",3963,183,3963,(X),3528,148,89.0,2.9,435,125,11.0,2.9,3.7,2.7,(X),(X),0.0,5.0,(X),(X),3963,183,3963,(X),3398,181,85.7,2.6,0,17,0.0,0.8,96,80,2.4,2.0,47,49,1.2,1.2,18,20,0.5,0.5,19,22,0.5,0.6,354,82,8.9,2.0,31,49,0.8,1.2,0,17,0.0,0.8,3963,183,3963,(X),0,17,0.0,0.8,18,19,0.5,0.5,527,122,13.3,3.0,353,115,8.9,2.9,608,122,15.3,3.1,523,105,13.2,2.6,614,165,15.5,3.9,388,116,9.8,2.8,128,55,3.2,1.4,804,165,20.3,4.2,3963,183,3963,(X),0,17,0.0,0.8,21,23,0.5,0.6,194,79,4.9,1.9,298,75,7.5,1.9,458,123,11.6,3.0,531,151,13.4,3.8,606,140,15.3,3.3,549,121,13.9,3.0,1306,165,33.0,4.4,7.3,0.3,(X),(X),3963,183,3963,(X),0,17,0.0,0.8,260,86,6.6,2.1,776,153,19.6,3.5,1145,196,28.9,4.7,1466,186,37.0,4.8,316,102,8.0,2.6,3528,148,3528,(X),2898,136,82.1,3.2,630,124,17.9,3.2,2.80,0.12,(X),(X),1.79,0.22,(X),(X),3528,148,3528,(X),27,25,0.8,0.7,629,130,17.8,3.5,1403,136,39.8,3.9,695,125,19.7,3.3,341,100,9.7,2.9,433,102,12.3,2.7,3528,148,3528,(X),147,57,4.2,1.6,861,174,24.4,4.3,1460,160,41.4,4.5,1060,120,30.0,3.7,3528,148,3528,(X),196,83,5.6,2.4,195,69,5.5,1.9,343,103,9.7,2.8,2596,162,73.6,3.8,10,15,0.3,0.4,149,78,4.2,2.2,0,17,0.0,0.9,8,12,0.2,0.3,31,50,0.9,1.4,3528,148,3528,(X),8,13,0.2,0.4,29,26,0.8,0.7,0,17,0.0,0.9,3528,148,3528,(X),3528,148,100.0,0.9,0,17,0.0,0.9,0,17,0.0,0.9,2898,136,2898,(X),41,34,1.4,1.2,0,17,0.0,1.1,0,17,0.0,1.1,9,14,0.3,0.5,106,61,3.7,2.1,813,146,28.1,4.8,1596,163,55.1,5.3,333,106,11.5,3.6,605800,28013,(X),(X),2898,136,2898,(X),2105,131,72.6,4.0,793,130,27.4,4.0,2105,131,2105,(X),0,17,0.0,1.5,7,11,0.3,0.5,120,64,5.7,3.0,139,59,6.6,2.7,207,82,9.8,3.7,262,79,12.4,3.6,1370,135,65.1,5.9,3475,177,(X),(X),793,130,793,(X),71,43,9.0,4.9,9,14,1.1,1.8,30,27,3.8,3.4,27,31,3.4,3.9,121,66,15.3,7.6,535,102,67.5,9.0,1206,164,(X),(X),2087,130,2087,(X),659,130,31.6,6.2,308,91,14.8,4.1,233,85,11.2,4.1,207,72,9.9,3.2,680,119,32.6,5.4,18,25,(X),(X),759,127,759,(X),273,90,36.0,9.2,75,43,9.9,5.6,72,37,9.5,4.8,89,46,11.7,6.0,64,32,8.4,4.3,50,32,6.6,4.0,136,62,17.9,7.5,34,27,(X),(X),557,121,557,(X),41,32,7.4,5.7,88,48,15.8,9.0,194,83,34.8,12.0,83,49,14.9,8.9,104,73,18.7,11.4,25,24,4.5,4.3,22,20,3.9,3.6,1424,106,(X),(X),73,39,(X),(X),557,121,557,(X),93,41,16.7,7.3,64,43,11.5,7.6,32,23,5.7,4.4,86,67,15.4,11.1,65,50,11.7,8.1,217,81,39.0,11.5,73,39,(X),(X)
0600000US0900163970,0900163970,"Ridgefield town, Fairfield County, Connecticut",9460,270,9460,(X),8902,255,94.1,1.9,558,188,5.9,1.9,0.5,0.8,(X),(X),2.7,4.2,(X),(X),9460,270,9460,(X),7661,251,81.0,1.9,443,110,4.7,1.2,130,59,1.4,0.6,317,131,3.4,1.4,389,118,4.1,1.2,168,107,1.8,1.1,352,105,3.7,1.1,0,22,0.0,0.3,0,22,0.0,0.3,9460,270,9460,(X),0,22,0.0,0.3,116,79,1.2,0.8,631,162,6.7,1.7,1070,198,11.3,2.1,1337,210,14.1,2.2,1687,216,17.8,2.2,2309,251,24.4,2.6,1029,171,10.9,1.9,336,127,3.6,1.3,945,189,10.0,2.0,9460,270,9460,(X),122,80,1.3,0.8,179,67,1.9,0.7,641,173,6.8,1.8,628,168,6.6,1.7,717,177,7.6,1.9,910,135,9.6,1.4,1130,177,11.9,1.8,1356,180,14.3,1.9,3777,251,39.9,2.6,7.8,0.2,(X),(X),9460,270,9460,(X),122,80,1.3,0.8,841,188,8.9,1.9,1310,218,13.8,2.2,2487,236,26.3,2.6,3441,284,36.4,2.7,1259,203,13.3,2.2,8902,255,8902,(X),7506,251,84.3,2.3,1396,217,15.7,2.3,2.99,0.09,(X),(X),1.84,0.19,(X),(X),8902,255,8902,(X),50,54,0.6,0.6,1825,253,20.5,2.8,3642,284,40.9,2.9,1628,199,18.3,2.2,1027,149,11.5,1.6,730,129,8.2,1.5,8902,255,8902,(X),260,86,2.9,1.0,1856,258,20.8,2.6,4366,319,49.0,3.3,2420,253,27.2,3.0,8902,255,8902,(X),1064,171,12.0,1.9,314,117,3.5,1.3,823,188,9.2,2.1,6526,270,73.3,2.4,13,20,0.1,0.2,63,44,0.7,0.5,0,22,0.0,0.4,46,43,0.5,0.5,53,66,0.6,0.7,8902,255,8902,(X),35,53,0.4,0.6,61,50,0.7,0.6,58,44,0.7,0.5,8902,255,8902,(X),8884,258,99.8,0.3,18,22,0.2,0.3,0,22,0.0,0.4,7506,251,7506,(X),127,58,1.7,0.8,35,43,0.5,0.6,35,35,0.5,0.5,86,49,1.1,0.6,334,109,4.4,1.5,1370,206,18.3,2.6,4000,252,53.3,3.0,1519,213,20.2,2.8,673900,21554,(X),(X),7506,251,7506,(X),5899,247,78.6,2.5,1607,199,21.4,2.5,5899,247,5899,(X),0,22,0.0,0.5,93,45,1.6,0.8,307,104,5.2,1.7,411,144,7.0,2.4,662,125,11.2,2.1,818,175,13.9,2.9,3608,243,61.2,3.8,3467,158,(X),(X),1607,199,1607,(X),35,36,2.2,2.2,7,10,0.4,0.6,42,37,2.6,2.2,159,81,9.9,4.8,107,45,6.7,2.7,1257,169,78.2,6.2,1458,126,(X),(X),5855,238,5855,(X),2245,224,38.3,3.9,911,151,15.6,2.6,801,173,13.7,2.9,401,117,6.8,2.0,1497,261,25.6,4.0,44,48,(X),(X),1589,198,1589,(X),643,157,40.5,8.1,152,55,9.6,3.5,193,68,12.1,4.2,147,57,9.3,3.5,78,53,4.9,3.3,38,32,2.4,2.0,338,115,21.3,6.6,18,20,(X),(X),1352,216,1352,(X),139,65,10.3,4.7,189,90,14.0,6.7,355,130,26.3,9.0,274,119,20.3,7.5,210,102,15.5,7.1,109,79,8.1,5.7,76,75,5.6,5.4,1487,219,(X),(X),44,33,(X),(X),1327,216,1327,(X),245,104,18.5,7.2,81,43,6.1,3.3,121,78,9.1,5.9,179,113,13.5,7.9,144,88,10.9,6.5,557,147,42.0,8.4,69,50,(X),(X)
0600000US0900168170,0900168170,"Shelton town, Fairfield County, Connecticut",16471,352,16471,(X),15392,368,93.4,1.5,1079,260,6.6,1.5,1.4,1.0,(X),(X),13.5,4.5,(X),(X),16471,352,16471,(X),10890,430,66.1,2.1,2242,255,13.6,1.5,755,161,4.6,1.0,926,187,5.6,1.1,600,156,3.6,0.9,246,100,1.5,0.6,552,113,3.4,0.7,260,49,1.6,0.3,0,25,0.0,0.2,16471,352,16471,(X),0,25,0.0,0.2,168,81,1.0,0.5,1568,271,9.5,1.6,1906,298,11.6,1.7,3374,366,20.5,2.2,2908,297,17.7,1.8,2316,262,14.1,1.6,1676,239,10.2,1.4,679,149,4.1,0.9,1876,237,11.4,1.5,16471,352,16471,(X),275,126,1.7,0.8,254,89,1.5,0.5,722,143,4.4,0.9,1670,215,10.1,1.3,2857,348,17.3,2.1,3104,282,18.8,1.7,3019,337,18.3,2.0,2273,281,13.8,1.7,2297,286,13.9,1.7,6.3,0.1,(X),(X),16471,352,16471,(X),303,126,1.8,0.8,1118,175,6.8,1.1,4244,313,25.8,1.9,6763,415,41.1,2.3,3475,329,21.1,1.9,568,144,3.4,0.9,15392,368,15392,(X),12392,381,80.5,1.9,3000,316,19.5,1.9,2.74,0.07,(X),(X),2.10,0.18,(X),(X),15392,368,15392,(X),214,137,1.4,0.9,3055,295,19.8,1.8,5430,397,35.3,2.5,3148,283,20.5,1.7,1777,237,11.5,1.6,1768,212,11.5,1.3,15392,368,15392,(X),784,199,5.1,1.3,4044,383,26.3,2.2,6399,404,41.6,2.4,4165,312,27.1,2.2,15392,368,15392,(X),5081,333,33.0,2.1,428,117,2.8,0.7,1125,201,7.3,1.2,8303,334,53.9,1.9,134,92,0.9,0.6,266,92,1.7,0.6,10,16,0.1,0.1,45,39,0.3,0.3,0,25,0.0,0.2,15392,368,15392,(X),0,25,0.0,0.2,192,75,1.2,0.5,175,72,1.1,0.5,15392,368,15392,(X),15307,378,99.4,0.5,74,66,0.5,0.4,11,18,0.1,0.1,12392,381,12392,(X),401,114,3.2,0.9,147,62,1.2,0.5,185,70,1.5,0.6,777,143,6.3,1.2,3009,266,24.3,2.0,6117,330,49.4,2.2,1667,281,13.5,2.2,89,60,0.7,0.5,343200,7250,(X),(X),12392,381,12392,(X),8541,406,68.9,2.3,3851,299,31.1,2.3,8541,406,8541,(X),0,25,0.0,0.4,426,137,5.0,1.6,969,181,11.3,2.1,1719,253,20.1,2.7,2156,265,25.2,3.0,1648,293,19.3,3.2,1623,249,19.0,2.8,2268,63,(X),(X),3851,299,3851,(X),28,25,0.7,0.6,109,56,2.8,1.4,529,116,13.7,2.9,982,183,25.5,4.2,1025,170,26.6,4.2,1178,208,30.6,4.5,853,30,(X),(X),8500,405,8500,(X),2889,348,34.0,3.9,1467,236,17.3,2.9,946,207,11.1,2.3,995,181,11.7,2.1,2203,294,25.9,3.0,41,38,(X),(X),3843,299,3843,(X),1030,158,26.8,3.4,679,141,17.7,3.4,570,132,14.8,3.4,362,99,9.4,2.5,283,91,7.4,2.4,194,70,5.0,1.8,725,172,18.9,4.0,8,13,(X),(X),2711,290,2711,(X),370,120,13.6,4.1,566,148,20.9,5.4,1042,215,38.4,6.2,380,122,14.0,4.7,130,67,4.8,2.4,176,116,6.5,4.1,47,63,1.7,2.3,1198,75,(X),(X),289,118,(X),(X),2616,272,2616,(X),461,145,17.6,5.2,314,126,12.0,4.6,320,115,12.2,4.5,381,145,14.6,5.0,294,127,11.2,4.7,846,169,32.3,5.8,384,143,(X),(X)
0600000US0900168310,0900168310,"Sherman town, Fairfield County, Connecticut",1792,119,1792,(X),1427,90,79.6,5.1,365,106,20.4,5.1,0.0,2.4,(X),(X),29.3,28.6,(X),(X),1792,119,1792,(X),1747,120,97.5,1.9,45,34,2.5,1.9,0,12,0.0,1.8,0,12,0.0,1.8,0,12,0.0,1.8,0,12,0.0,1.8,0,12,0.0,1.8,0,12,0.0,1.8,0,12,0.0,1.8,1792,119,1792,(X),0,12,0.0,1.8,0,12,0.0,1.8,272,106,15.2,5.6,169,60,9.4,3.3,237,74,13.2,4.0,371,81,20.7,4.4,144,49,8.0,2.8,197,82,11.0,4.6,85,47,4.7,2.7,317,109,17.7,5.8,1792,119,1792,(X),0,12,0.0,1.8,22,27,1.2,1.5,39,31,2.2,1.7,79,65,4.4,3.6,254,92,14.2,5.0,304,102,17.0,5.4,321,91,17.9,5.3,347,103,19.4,5.5,426,91,23.8,4.9,7.1,0.4,(X),(X),1792,119,1792,(X),0,12,0.0,1.8,60,42,3.3,2.3,358,102,20.0,5.5,667,124,37.2,6.4,605,118,33.8,6.3,102,45,5.7,2.5,1427,90,1427,(X),1321,98,92.6,3.5,106,50,7.4,3.5,2.54,0.16,(X),(X),2.75,1.04,(X),(X),1427,90,1427,(X),10,16,0.7,1.1,227,86,15.9,6.2,509,86,35.7,6.0,267,66,18.7,4.3,130,49,9.1,3.4,284,80,19.9,5.0,1427,90,1427,(X),36,28,2.5,1.9,262,83,18.4,5.6,572,119,40.1,7.5,557,101,39.0,7.2,1427,90,1427,(X),16,18,1.1,1.3,146,57,10.2,3.8,109,52,7.6,3.7,1026,105,71.9,5.7,0,12,0.0,2.2,94,42,6.6,2.9,0,12,0.0,2.2,26,26,1.8,1.8,10,15,0.7,1.1,1427,90,1427,(X),0,12,0.0,2.2,0,12,0.0,2.2,0,12,0.0,2.2,1427,90,1427,(X),1419,91,99.4,1.0,8,14,0.6,1.0,0,12,0.0,2.2,1321,98,1321,(X),8,14,0.6,1.1,0,12,0.0,2.4,0,12,0.0,2.4,38,29,2.9,2.3,107,48,8.1,3.5,531,121,40.2,7.9,554,102,41.9,7.8,83,42,6.3,3.1,491000,40108,(X),(X),1321,98,1321,(X),945,102,71.5,5.6,376,79,28.5,5.6,945,102,945,(X),0,12,0.0,3.4,33,29,3.5,3.0,42,34,4.4,3.6,196,72,20.7,7.4,188,83,19.9,8.3,175,68,18.5,6.9,311,75,32.9,7.3,2539,207,(X),(X),376,79,376,(X),0,12,0.0,8.3,0,12,0.0,8.3,14,15,3.7,3.9,121,51,32.2,12.1,51,36,13.6,8.1,190,56,50.5,11.7,1004,99,(X),(X),945,102,945,(X),237,69,25.1,7.0,168,67,17.8,6.8,115,47,12.2,5.1,86,47,9.1,4.7,339,90,35.9,8.3,0,12,(X),(X),376,79,376,(X),175,62,46.5,12.9,42,31,11.2,8.3,52,36,13.8,8.8,7,11,1.9,2.9,20,22,5.3,5.5,0,12,0.0,8.3,80,41,21.3,10.4,0,12,(X),(X),89,46,89,(X),0,12,0.0,29.7,0,12,0.0,29.7,23,26,25.8,29.3,10,16,11.2,17.1,10,16,11.2,18.2,46,37,51.7,25.8,0,12,0.0,29.7,2516,792,(X),(X),17,18,(X),(X),89,46,89,(X),25,39,28.1,37.3,21,22,23.6,26.7,23,26,25.8,29.3,0,12,0.0,29.7,0,12,0.0,29.7,20,24,22.5,25.8,17,18,(X),(X)
0600000US0900173070,0900173070,"Stamford town, Fairfield County, Connecticut",51165,917,51165,(X),46974,771,91.8,1.0,4191,530,8.2,1.0,2.4,0.7,(X),(X),4.0,1.2,(X),(X),51165,917,51165,(X),20116,591,39.3,0.9,3411,393,6.7,0.8,4636,485,9.1,0.9,4367,581,8.5,1.1,2903,421,5.7,0.8,2120,339,4.1,0.7,13576,682,26.5,1.2,16,17,0.0,0.1,20,31,0.0,0.1,51165,917,51165,(X),65,44,0.1,0.1,1025,202,2.0,0.4,4750,458,9.3,0.9,3817,460,7.5,0.9,7777,603,15.2,1.1,6755,529,13.2,1.0,7788,560,15.2,1.1,8700,597,17.0,1.1,2891,316,5.7,0.6,7597,632,14.8,1.2,51165,917,51165,(X),1624,332,3.2,0.6,2644,354,5.2,0.7,7732,551,15.1,1.0,10364,635,20.3,1.2,8327,589,16.3,1.1,6002,527,11.7,1.0,4323,426,8.4,0.9,4151,382,8.1,0.7,5998,370,11.7,0.7,4.9,0.1,(X),(X),51165,917,51165,(X),1773,344,3.5,0.7,9892,646,19.3,1.1,15221,800,29.7,1.5,14199,752,27.8,1.4,7313,455,14.3,0.9,2767,303,5.4,0.6,46974,771,46974,(X),26199,694,55.8,1.2,20775,707,44.2,1.2,2.74,0.05,(X),(X),2.58,0.08,(X),(X),46974,771,46974,(X),713,189,1.5,0.4,15559,756,33.1,1.5,15989,754,34.0,1.6,7344,536,15.6,1.1,3265,378,7.0,0.8,4104,360,8.7,0.8,46974,771,46974,(X),5197,576,11.1,1.2,17297,841,36.8,1.6,17222,738,36.7,1.5,7258,444,15.5,1.0,46974,771,46974,(X),19870,733,42.3,1.5,942,179,2.0,0.4,12182,672,25.9,1.3,13451,514,28.6,1.1,3,5,0.0,0.1,177,100,0.4,0.2,7,11,0.0,0.1,240,98,0.5,0.2,102,72,0.2,0.2,46974,771,46974,(X),125,83,0.3,0.2,558,191,1.2,0.4,498,143,1.1,0.3,46974,771,46974,(X),44858,873,95.5,0.6,1483,220,3.2,0.5,633,162,1.3,0.3,26199,694,26199,(X),317,111,1.2,0.4,174,81,0.7,0.3,423,123,1.6,0.5,1013,198,3.9,0.7,3031,337,11.6,1.3,8104,555,30.9,1.7,10821,454,41.3,1.7,2316,247,8.8,1.0,501200,12678,(X),(X),26199,694,26199,(X),19099,707,72.9,1.7,7100,453,27.1,1.7,19099,707,19099,(X),0,28,0.0,0.2,357,117,1.9,0.6,1541,263,8.1,1.4,2362,309,12.4,1.6,3390,379,17.7,1.7,3037,301,15.9,1.5,8412,559,44.0,2.5,2813,71,(X),(X),7100,453,7100,(X),72,39,1.0,0.5,67,55,0.9,0.8,158,62,2.2,0.9,918,165,12.9,2.0,1413,207,19.9,2.6,4472,351,63.0,3.1,1139,33,(X),(X),18977,702,18977,(X),6230,426,32.8,2.1,2468,267,13.0,1.4,1914,237,10.1,1.2,1272,246,6.7,1.3,7093,523,37.4,2.1,122,97,(X),(X),7039,458,7039,(X),1755,233,24.9,2.8,1380,228,19.6,3.0,829,155,11.8,2.1,465,111,6.6,1.5,423,96,6.0,1.3,310,97,4.4,1.3,1877,257,26.7,3.1,61,56,(X),(X),20306,696,20306,(X),1606,254,7.9,1.3,2003,338,9.9,1.6,5381,524,26.5,2.3,5646,488,27.8,2.2,2836,429,14.0,2.1,1493,311,7.4,1.5,1341,244,6.6,1.2,1603,38,(X),(X),469,150,(X),(X),19894,673,19894,(X),2553,322,12.8,1.6,2163,320,10.9,1.6,2308,359,11.6,1.8,2157,277,10.8,1.4,2113,350,10.6,1.8,8600,599,43.2,2.3,881,217,(X),(X)
0600000US0900174190,0900174190,"Stratford town, Fairfield County, Connecticut",22264,455,22264,(X),20714,412,93.0,1.2,1550,291,7.0,1.2,2.2,0.9,(X),(X),6.8,2.8,(X),(X),22264,455,22264,(X),14435,452,64.8,1.7,2755,365,12.4,1.6,2161,289,9.7,1.3,958,197,4.3,0.9,454,138,2.0,0.6,352,140,1.6,0.6,1139,172,5.1,0.8,0,28,0.0,0.1,10,15,0.0,0.1,22264,455,22264,(X),11,19,0.0,0.1,87,63,0.4,0.3,444,120,2.0,0.5,936,256,4.2,1.1,1717,246,7.7,1.1,3574,362,16.1,1.6,2926,359,13.1,1.6,5244,423,23.6,1.9,2807,283,12.6,1.3,4518,384,20.3,1.6,22264,455,22264,(X),290,116,1.3,0.5,538,145,2.4,0.6,1402,273,6.3,1.2,2432,359,10.9,1.6,5047,436,22.7,1.9,5954,410,26.7,1.8,3336,321,15.0,1.4,1917,227,8.6,1.0,1348,190,6.1,0.9,5.7,0.2,(X),(X),22264,455,22264,(X),302,117,1.4,0.5,2569,315,11.5,1.4,5952,538,26.7,2.2,9863,468,44.3,2.1,3131,284,14.1,1.3,447,111,2.0,0.5,20714,412,20714,(X),16541,483,79.9,1.7,4173,371,20.1,1.7,2.59,0.05,(X),(X),2.19,0.15,(X),(X),20714,412,20714,(X),174,103,0.8,0.5,4034,359,19.5,1.8,7368,467,35.6,2.0,4051,339,19.6,1.6,2038,286,9.8,1.3,3049,267,14.7,1.3,20714,412,20714,(X),1112,211,5.4,1.0,7432,506,35.9,2.2,8185,494,39.5,2.4,3985,315,19.2,1.6,20714,412,20714,(X),12612,476,60.9,2.0,181,77,0.9,0.4,1657,243,8.0,1.1,5964,416,28.8,1.9,187,103,0.9,0.5,62,35,0.3,0.2,0,28,0.0,0.2,51,38,0.2,0.2,0,28,0.0,0.2,20714,412,20714,(X),49,59,0.2,0.3,126,90,0.6,0.4,168,61,0.8,0.3,20714,412,20714,(X),20436,426,98.7,0.4,122,59,0.6,0.3,156,79,0.8,0.4,16541,483,16541,(X),545,112,3.3,0.7,693,143,4.2,0.8,957,230,5.8,1.4,2548,299,15.4,1.8,6882,421,41.6,2.3,4157,342,25.1,1.8,668,148,4.0,0.9,91,55,0.6,0.3,249900,6265,(X),(X),16541,483,16541,(X),11303,487,68.3,1.8,5238,301,31.7,1.8,11303,487,11303,(X),15,18,0.1,0.2,401,110,3.5,1.0,1650,239,14.6,2.0,3126,303,27.7,2.4,3038,331,26.9,2.6,1698,248,15.0,2.2,1375,242,12.2,2.1,2076,45,(X),(X),5238,301,5238,(X),67,44,1.3,0.8,146,68,2.8,1.3,511,129,9.8,2.3,1154,180,22.0,3.3,1435,196,27.4,3.4,1925,237,36.8,4.0,890,24,(X),(X),11251,489,11251,(X),3035,314,27.0,2.5,1892,256,16.8,2.2,1375,218,12.2,2.0,1059,195,9.4,1.7,3890,393,34.6,2.9,52,43,(X),(X),5153,296,5153,(X),667,140,12.9,2.7,753,138,14.6,2.5,739,144,14.3,2.6,559,128,10.8,2.5,469,110,9.1,2.1,411,110,8.0,2.0,1555,200,30.2,3.5,85,76,(X),(X),3934,373,3934,(X),410,139,10.4,3.5,882,188,22.4,4.8,1469,267,37.3,5.2,780,194,19.8,4.4,258,107,6.6,2.7,102,82,2.6,2.1,33,56,0.8,1.4,1199,59,(X),(X),239,89,(X),(X),3846,356,3846,(X),275,95,7.2,2.5,421,185,10.9,4.6,348,124,9.0,3.1,451,158,11.7,3.9,362,150,9.4,4.0,1989,286,51.7,5.5,327,117,(X),(X)
0600000US0900177200,0900177200,"Trumbull town, Fairfield County, Connecticut",12542,296,12542,(X),12123,264,96.7,1.2,419,156,3.3,1.2,0.4,0.4,(X),(X),4.4,3.7,(X),(X),12542,296,12542,(X),10953,303,87.3,1.4,494,119,3.9,0.9,104,53,0.8,0.4,207,73,1.7,0.6,140,71,1.1,0.6,145,103,1.2,0.8,499,135,4.0,1.1,0,25,0.0,0.3,0,25,0.0,0.3,12542,296,12542,(X),0,25,0.0,0.3,62,36,0.5,0.3,621,129,5.0,1.0,1289,209,10.3,1.7,1262,197,10.1,1.5,1826,238,14.6,1.8,2315,255,18.5,2.1,2882,300,23.0,2.3,811,162,6.5,1.3,1474,224,11.8,1.7,12542,296,12542,(X),95,63,0.8,0.5,215,96,1.7,0.8,260,105,2.1,0.8,510,155,4.1,1.2,1179,208,9.4,1.6,2243,236,17.9,1.9,2464,271,19.6,2.2,2692,279,21.5,2.2,2884,306,23.0,2.3,7.2,0.2,(X),(X),12542,296,12542,(X),95,63,0.8,0.5,674,120,5.4,0.9,1263,240,10.1,1.9,5328,355,42.5,2.8,4366,318,34.8,2.4,816,134,6.5,1.1,12123,264,12123,(X),10709,299,88.3,1.7,1414,209,11.7,1.7,3.06,0.07,(X),(X),2.35,0.27,(X),(X),12123,264,12123,(X),127,75,1.0,0.6,1883,210,15.5,1.7,3734,297,30.8,2.3,2770,259,22.8,2.1,1452,183,12.0,1.6,2157,234,17.8,1.8,12123,264,12123,(X),581,138,4.8,1.1,2517,305,20.8,2.3,5406,326,44.6,2.6,3619,270,29.9,2.3,12123,264,12123,(X),5235,326,43.2,2.4,210,95,1.7,0.8,585,127,4.8,1.1,5979,323,49.3,2.4,7,10,0.1,0.1,69,51,0.6,0.4,0,25,0.0,0.3,31,23,0.3,0.2,7,13,0.1,0.1,12123,264,12123,(X),38,34,0.3,0.3,106,71,0.9,0.6,54,37,0.4,0.3,12123,264,12123,(X),12096,266,99.8,0.3,27,34,0.2,0.3,0,25,0.0,0.3,10709,299,10709,(X),172,77,1.6,0.7,9,14,0.1,0.1,40,32,0.4,0.3,195,89,1.8,0.8,1068,211,10.0,1.9,6568,334,61.3,2.8,2507,206,23.4,1.8,150,61,1.4,0.6,396500,6848,(X),(X),10709,299,10709,(X),7477,330,69.8,2.7,3232,316,30.2,2.7,7477,330,7477,(X),18,21,0.2,0.3,65,47,0.9,0.6,280,100,3.7,1.3,638,162,8.5,2.0,1362,214,18.2,2.8,1987,227,26.6,3.0,3127,285,41.8,3.5,2846,59,(X),(X),3232,316,3232,(X),9,14,0.3,0.4,52,40,1.6,1.2,122,58,3.8,1.8,455,126,14.1,3.5,569,139,17.6,3.9,2025,249,62.7,4.9,1089,39,(X),(X),7446,331,7446,(X),2534,286,34.0,3.5,1416,203,19.0,2.9,918,201,12.3,2.7,660,155,8.9,2.0,1918,255,25.8,3.0,31,41,(X),(X),3176,307,3176,(X),553,102,17.4,3.2,729,172,23.0,4.6,380,126,12.0,3.8,341,83,10.7,2.4,165,70,5.2,2.2,141,67,4.4,2.1,867,165,27.3,4.4,56,82,(X),(X),1225,202,1225,(X),136,63,11.1,4.9,91,49,7.4,4.0,152,86,12.4,6.5,251,113,20.5,8.9,407,135,33.2,9.6,132,70,10.8,5.3,56,42,4.6,3.4,1965,185,(X),(X),189,104,(X),(X),1191,203,1191,(X),91,50,7.6,4.1,75,52,6.3,4.1,106,69,8.9,5.7,68,43,5.7,3.5,155,95,13.0,7.2,696,144,58.4,8.6,223,111,(X),(X)
0600000US0900183430,0900183430,"Weston town, Fairfield County, Connecticut",3801,198,3801,(X),3379,136,88.9,3.1,422,132,11.1,3.1,3.6,2.3,(X),(X),8.7,13.2,(X),(X),3801,198,3801,(X),3714,206,97.7,1.2,41,34,1.1,0.9,24,30,0.6,0.8,0,19,0.0,0.8,0,19,0.0,0.8,0,19,0.0,0.8,0,19,0.0,0.8,22,25,0.6,0.7,0,19,0.0,0.8,3801,198,3801,(X),9,14,0.2,0.4,11,16,0.3,0.4,241,85,6.3,2.2,393,114,10.3,2.9,451,92,11.9,2.4,476,88,12.5,2.2,846,138,22.3,3.5,555,107,14.6,2.8,165,82,4.3,2.2,654,148,17.2,3.7,3801,198,3801,(X),20,30,0.5,0.8,10,15,0.3,0.4,40,34,1.1,0.9,53,33,1.4,0.9,100,67,2.6,1.7,193,91,5.1,2.3,465,103,12.2,2.6,596,128,15.7,3.4,2324,182,61.1,4.2,9.0+,***,(X),(X),3801,198,3801,(X),20,30,0.5,0.8,70,44,1.8,1.1,204,100,5.4,2.5,589,104,15.5,2.7,1938,187,51.0,4.0,980,138,25.8,3.8,3379,136,3379,(X),3170,142,93.8,2.6,209,89,6.2,2.6,3.10,0.12,(X),(X),2.67,0.78,(X),(X),3379,136,3379,(X),0,19,0.0,1.0,612,127,18.1,3.7,1166,170,34.5,5.0,946,132,28.0,3.8,352,93,10.4,2.6,303,78,9.0,2.2,3379,136,3379,(X),19,22,0.6,0.6,447,132,13.2,3.5,1837,154,54.4,4.2,1076,131,31.8,4.3,3379,136,3379,(X),400,91,11.8,2.5,122,52,3.6,1.5,93,45,2.8,1.3,2716,131,80.4,3.4,8,13,0.2,0.4,22,23,0.7,0.7,0,19,0.0,1.0,18,20,0.5,0.6,0,19,0.0,1.0,3379,136,3379,(X),54,57,1.6,1.7,61,58,1.8,1.7,32,47,0.9,1.4,3379,136,3379,(X),3379,136,100.0,1.0,0,19,0.0,1.0,0,19,0.0,1.0,3170,142,3170,(X),8,12,0.3,0.4,0,19,0.0,1.0,41,31,1.3,1.0,33,25,1.0,0.8,17,20,0.5,0.6,267,99,8.4,3.1,1693,190,53.4,5.1,1111,139,35.0,4.5,865500,33676,(X),(X),3170,142,3170,(X),2557,151,80.7,3.9,613,131,19.3,3.9,2557,151,2557,(X),8,12,0.3,0.5,18,20,0.7,0.8,58,36,2.3,1.4,70,44,2.7,1.7,204,72,8.0,2.6,174,77,6.8,3.0,2025,141,79.2,4.2,"4,000+",***,(X),(X),613,131,613,(X),0,19,0.0,5.2,0,19,0.0,5.2,11,18,1.8,2.8,16,16,2.6,2.7,26,24,4.2,3.9,560,124,91.4,5.4,"1,500+",***,(X),(X),2540,153,2540,(X),1022,151,40.2,5.1,349,99,13.7,3.9,264,78,10.4,3.1,167,71,6.6,2.7,738,130,29.1,4.6,17,19,(X),(X),613,131,613,(X),165,64,26.9,9.3,95,60,15.5,9.2,61,37,10.0,6.0,72,41,11.7,6.7,32,26,5.2,4.1,19,20,3.1,3.2,169,85,27.6,11.4,0,19,(X),(X),194,88,194,(X),0,19,0.0,15.4,54,63,27.8,25.6,24,23,12.4,12.7,0,19,0.0,15.4,17,26,8.8,13.7,33,27,17.0,13.9,66,52,34.0,21.4,2530,1510,(X),(X),15,16,(X),(X),194,88,194,(X),54,48,27.8,21.9,33,28,17.0,14.8,8,14,4.1,7.2,0,19,0.0,15.4,8,14,4.1,7.2,91,73,46.9,25.6,15,16,(X),(X)
0600000US0900183500,0900183500,"Westport town, Fairfield County, Connecticut",10611,338,10611,(X),9740,249,91.8,2.1,871,235,8.2,2.1,1.8,1.2,(X),(X),4.7,3.3,(X),(X),10611,338,10611,(X),9180,348,86.5,1.7,468,127,4.4,1.2,295,91,2.8,0.9,280,94,2.6,0.9,154,73,1.5,0.7,67,50,0.6,0.5,97,49,0.9,0.5,70,72,0.7,0.7,0,22,0.0,0.3,10611,338,10611,(X),26,19,0.2,0.2,329,111,3.1,1.0,938,162,8.8,1.5,570,131,5.4,1.2,1153,191,10.9,1.8,1033,195,9.7,1.8,1628,193,15.3,1.8,2328,328,21.9,2.9,631,126,5.9,1.2,1975,242,18.6,2.1,10611,338,10611,(X),86,54,0.8,0.5,91,59,0.9,0.6,324,84,3.1,0.8,615,146,5.8,1.4,927,182,8.7,1.6,1194,206,11.3,1.8,1191,187,11.2,1.8,1460,207,13.8,2.0,4723,302,44.5,2.5,8.1,0.2,(X),(X),10611,338,10611,(X),101,58,1.0,0.5,477,127,4.5,1.2,1355,196,12.8,1.8,2710,261,25.5,2.2,3653,305,34.4,2.7,2315,214,21.8,2.0,9740,249,9740,(X),8330,267,85.5,2.0,1410,205,14.5,2.0,2.88,0.08,(X),(X),2.22,0.21,(X),(X),9740,249,9740,(X),153,97,1.6,1.0,2054,258,21.1,2.5,3598,277,36.9,2.7,1972,205,20.2,2.0,910,167,9.3,1.7,1053,136,10.8,1.4,9740,249,9740,(X),295,98,3.0,1.0,2297,276,23.6,2.5,4573,296,47.0,2.9,2575,249,26.4,2.7,9740,249,9740,(X),2318,239,23.8,2.5,598,126,6.1,1.3,758,171,7.8,1.7,5930,295,60.9,2.4,0,22,0.0,0.3,48,46,0.5,0.5,11,17,0.1,0.2,34,29,0.3,0.3,43,33,0.4,0.3,9740,249,9740,(X),92,67,0.9,0.7,145,75,1.5,0.8,19,24,0.2,0.3,9740,249,9740,(X),9696,253,99.5,0.4,16,18,0.2,0.2,28,31,0.3,0.3,8330,267,8330,(X),94,52,1.1,0.6,30,22,0.4,0.3,43,41,0.5,0.5,114,73,1.4,0.9,205,75,2.5,0.9,494,132,5.9,1.6,2980,265,35.8,2.6,4370,252,52.5,3.2,1041800,52829,(X),(X),8330,267,8330,(X),5774,290,69.3,2.6,2556,227,30.7,2.6,5774,290,5774,(X),12,19,0.2,0.3,36,28,0.6,0.5,81,45,1.4,0.8,370,132,6.4,2.2,381,114,6.6,1.9,437,117,7.6,2.0,4457,254,77.2,3.4,"4,000+",***,(X),(X),2556,227,2556,(X),0,22,0.0,1.3,9,14,0.4,0.6,122,71,4.8,2.8,148,73,5.8,2.8,186,64,7.3,2.4,2091,221,81.8,4.5,"1,500+",***,(X),(X),5729,296,5729,(X),2332,236,40.7,3.6,1014,204,17.7,3.3,370,99,6.5,1.7,360,135,6.3,2.3,1653,222,28.9,3.7,45,55,(X),(X),2509,218,2509,(X),910,158,36.3,5.3,374,106,14.9,3.9,221,71,8.8,2.9,243,91,9.7,3.4,144,62,5.7,2.5,123,50,4.9,2.0,494,128,19.7,4.7,47,46,(X),(X),1306,216,1306,(X),112,68,8.6,5.0,96,50,7.4,4.1,354,130,27.1,8.7,123,62,9.4,4.6,224,99,17.2,6.7,113,66,8.7,5.1,284,116,21.7,7.8,1870,449,(X),(X),104,70,(X),(X),1253,209,1253,(X),181,72,14.4,6.1,236,95,18.8,6.8,79,54,6.3,4.2,189,78,15.1,6.2,46,30,3.7,2.3,522,166,41.7,9.9,157,75,(X),(X)
0600000US0900186370,0900186370,"Wilton town, Fairfield County, Connecticut",6350,198,6350,(X),5953,162,93.7,2.3,397,153,6.3,2.3,1.8,1.3,(X),(X),7.6,6.9,(X),(X),6350,198,6350,(X),5390,200,84.9,1.9,272,68,4.3,1.0,74,68,1.2,1.1,103,39,1.6,0.6,54,45,0.9,0.7,95,50,1.5,0.8,354,98,5.6,1.5,8,12,0.1,0.2,0,19,0.0,0.5,6350,198,6350,(X),0,19,0.0,0.5,59,38,0.9,0.6,666,157,10.5,2.4,621,125,9.8,1.9,1039,143,16.4,2.2,1084,159,17.1,2.6,1075,133,16.9,2.0,815,133,12.8,2.0,285,93,4.5,1.4,706,140,11.1,2.2,6350,198,6350,(X),51,49,0.8,0.8,112,61,1.8,1.0,261,78,4.1,1.2,286,84,4.5,1.3,432,136,6.8,2.1,597,139,9.4,2.1,780,132,12.3,2.0,1056,173,16.6,2.6,2775,184,43.7,2.8,8.1,0.2,(X),(X),6350,198,6350,(X),51,49,0.8,0.8,421,105,6.6,1.7,739,124,11.6,1.8,1448,179,22.8,2.7,2663,221,41.9,3.4,1028,133,16.2,2.0,5953,162,5953,(X),5110,233,85.8,2.8,843,163,14.2,2.8,3.17,0.09,(X),(X),2.66,0.29,(X),(X),5953,162,5953,(X),54,51,0.9,0.8,1224,155,20.6,2.7,2128,174,35.7,2.8,1288,172,21.6,2.8,614,108,10.3,1.8,645,109,10.8,1.7,5953,162,5953,(X),221,75,3.7,1.3,878,158,14.7,2.5,2889,202,48.5,3.2,1965,177,33.0,3.0,5953,162,5953,(X),298,86,5.0,1.5,199,76,3.3,1.3,723,120,12.1,1.9,4636,197,77.9,2.7,0,19,0.0,0.5,24,23,0.4,0.4,0,19,0.0,0.5,46,27,0.8,0.5,27,25,0.5,0.4,5953,162,5953,(X),17,17,0.3,0.3,69,37,1.2,0.6,17,19,0.3,0.3,5953,162,5953,(X),5910,177,99.3,0.6,38,35,0.6,0.6,5,7,0.1,0.1,5110,233,5110,(X),17,21,0.3,0.4,28,21,0.5,0.4,5,7,0.1,0.1,46,27,0.9,0.5,158,83,3.1,1.6,503,99,9.8,1.8,2884,200,56.4,3.2,1469,163,28.7,3.0,810700,25113,(X),(X),5110,233,5110,(X),3849,233,75.3,3.2,1261,180,24.7,3.2,3849,233,3849,(X),0,19,0.0,0.8,27,24,0.7,0.6,82,41,2.1,1.1,159,74,4.1,1.9,325,98,8.4,2.4,410,117,10.7,2.9,2846,211,73.9,4.3,"4,000+",***,(X),(X),1261,180,1261,(X),0,19,0.0,2.5,0,19,0.0,2.5,13,15,1.0,1.2,67,50,5.3,3.7,52,34,4.1,2.6,1129,165,89.5,4.5,"1,500+",***,(X),(X),3834,235,3834,(X),1356,166,35.4,4.0,700,119,18.3,2.8,425,118,11.1,3.0,275,102,7.2,2.6,1078,165,28.1,3.8,15,18,(X),(X),1261,180,1261,(X),454,96,36.0,6.4,165,61,13.1,4.6,219,96,17.4,7.0,32,22,2.5,1.7,102,51,8.1,3.8,25,21,2.0,1.6,264,90,20.9,6.3,0,19,(X),(X),786,157,786,(X),42,30,5.3,3.8,48,33,6.1,4.3,81,45,10.3,5.4,128,62,16.3,7.3,91,54,11.6,6.6,150,70,19.1,8.2,246,100,31.3,10.2,2510,363,(X),(X),57,50,(X),(X),786,157,786,(X),189,81,24.0,9.0,72,41,9.2,5.7,160,97,20.4,10.4,22,21,2.8,2.6,49,32,6.2,4.1,294,111,37.4,12.2,57,50,(X),(X)
0600000US0900302060,0900302060,"Avon town, Hartford County, Connecticut",7342,240,7342,(X),7024,206,95.7,2.1,318,156,4.3,2.1,2.7,1.8,(X),(X),4.6,7.0,(X),(X),7342,240,7342,(X),5201,274,70.8,2.7,938,158,12.8,2.1,182,110,2.5,1.5,390,140,5.3,1.9,123,89,1.7,1.2,66,56,0.9,0.8,414,90,5.6,1.3,28,32,0.4,0.4,0,19,0.0,0.4,7342,240,7342,(X),0,19,0.0,0.4,79,41,1.1,0.6,856,167,11.7,2.2,878,168,12.0,2.3,1430,233,19.5,3.1,1682,226,22.9,3.1,1064,208,14.5,2.8,645,148,8.8,2.0,267,117,3.6,1.6,441,111,6.0,1.5,7342,240,7342,(X),9,14,0.1,0.2,114,58,1.6,0.8,391,121,5.3,1.7,515,124,7.0,1.7,786,203,10.7,2.6,801,178,10.9,2.4,991,182,13.5,2.4,1484,254,20.2,3.4,2251,237,30.7,3.1,7.5,0.3,(X),(X),7342,240,7342,(X),26,30,0.4,0.4,498,124,6.8,1.7,1390,186,18.9,2.4,2029,269,27.6,3.7,2374,262,32.3,3.2,1025,177,14.0,2.4,7024,206,7024,(X),6038,278,86.0,2.8,986,196,14.0,2.8,2.65,0.07,(X),(X),2.16,0.27,(X),(X),7024,206,7024,(X),101,79,1.4,1.1,1647,220,23.4,3.2,2482,251,35.3,3.2,1530,252,21.8,3.4,582,142,8.3,2.0,682,117,9.7,1.6,7024,206,7024,(X),163,69,2.3,1.0,1931,256,27.5,3.2,3169,289,45.1,4.1,1761,202,25.1,2.9,7024,206,7024,(X),2826,196,40.2,2.4,297,101,4.2,1.4,518,138,7.4,1.9,3174,200,45.2,2.8,0,19,0.0,0.5,67,58,1.0,0.8,0,19,0.0,0.5,118,71,1.7,1.0,24,27,0.3,0.4,7024,206,7024,(X),8,13,0.1,0.2,58,45,0.8,0.6,82,58,1.2,0.8,7024,206,7024,(X),7015,206,99.9,0.2,0,19,0.0,0.5,9,14,0.1,0.2,6038,278,6038,(X),116,58,1.9,1.0,51,37,0.8,0.6,117,84,1.9,1.4,424,127,7.0,2.0,1268,189,21.0,3.0,2343,253,38.8,3.7,1417,177,23.5,2.9,302,85,5.0,1.4,376500,15170,(X),(X),6038,278,6038,(X),4023,261,66.6,3.5,2015,240,33.4,3.5,4023,261,4023,(X),17,26,0.4,0.7,142,77,3.5,1.9,426,129,10.6,3.1,612,143,15.2,3.1,650,176,16.2,4.2,753,165,18.7,4.1,1423,220,35.4,5.3,2609,135,(X),(X),2015,240,2015,(X),0,19,0.0,1.6,13,19,0.6,1.0,77,46,3.8,2.2,318,108,15.8,5.0,398,122,19.8,5.2,1209,170,60.0,5.9,1080,55,(X),(X),4023,261,4023,(X),1833,248,45.6,5.1,695,161,17.3,3.9,437,135,10.9,3.2,354,123,8.8,3.1,704,162,17.5,3.9,0,19,(X),(X),2007,239,2007,(X),770,180,38.4,6.9,288,75,14.3,3.7,265,103,13.2,4.9,158,62,7.9,3.0,67,48,3.3,2.3,106,44,5.3,2.1,353,125,17.6,5.9,8,13,(X),(X),826,154,826,(X),77,52,9.3,5.8,100,51,12.1,6.3,364,95,44.1,9.5,209,99,25.3,10.2,40,34,4.8,3.9,0,19,0.0,3.9,36,30,4.4,3.5,1234,101,(X),(X),160,107,(X),(X),826,154,826,(X),181,84,21.9,9.8,96,79,11.6,9.0,93,52,11.3,6.0,91,60,11.0,7.1,92,58,11.1,6.9,273,95,33.1,9.2,160,107,(X),(X)
0600000US0900304300,0900304300,"Berlin town, Hartford County, Connecticut",8333,258,8333,(X),7911,237,94.9,1.7,422,149,5.1,1.7,1.2,1.3,(X),(X),3.6,5.4,(X),(X),8333,258,8333,(X),6309,367,75.7,3.1,235,93,2.8,1.1,713,213,8.6,2.6,242,140,2.9,1.7,311,137,3.7,1.6,133,60,1.6,0.7,339,130,4.1,1.5,51,51,0.6,0.6,0,22,0.0,0.4,8333,258,8333,(X),0,22,0.0,0.4,108,57,1.3,0.7,1064,199,12.8,2.4,976,212,11.7,2.5,1007,173,12.1,2.1,1113,194,13.4,2.3,1058,184,12.7,2.2,1332,285,16.0,3.3,346,133,4.2,1.6,1329,233,15.9,2.7,8333,258,8333,(X),0,22,0.0,0.4,29,31,0.3,0.4,462,174,5.5,2.1,845,213,10.1,2.6,1488,249,17.9,3.0,1943,316,23.3,3.7,1631,224,19.6,2.6,892,193,10.7,2.3,1043,197,12.5,2.3,6.2,0.1,(X),(X),8333,258,8333,(X),0,22,0.0,0.4,685,185,8.2,2.2,1723,206,20.7,2.4,4108,282,49.3,3.2,1504,235,18.0,2.7,313,116,3.8,1.4,7911,237,7911,(X),6702,279,84.7,2.5,1209,201,15.3,2.5,2.73,0.08,(X),(X),1.77,0.26,(X),(X),7911,237,7911,(X),19,27,0.2,0.3,1378,258,17.4,3.3,3019,356,38.2,4.1,1494,236,18.9,2.9,876,190,11.1,2.4,1125,195,14.2,2.4,7911,237,7911,(X),242,99,3.1,1.2,2453,275,31.0,3.1,3185,292,40.3,3.6,2031,254,25.7,3.3,7911,237,7911,(X),4540,336,57.4,3.9,236,88,3.0,1.1,438,156,5.5,2.0,2322,287,29.4,3.4,0,22,0.0,0.4,274,141,3.5,1.8,0,22,0.0,0.4,101,63,1.3,0.8,0,22,0.0,0.4,7911,237,7911,(X),0,22,0.0,0.4,0,22,0.0,0.4,88,64,1.1,0.8,7911,237,7911,(X),7811,282,98.7,1.2,100,98,1.3,1.2,0,22,0.0,0.4,6702,279,6702,(X),229,100,3.4,1.5,13,22,0.2,0.3,147,81,2.2,1.2,561,150,8.4,2.2,2783,269,41.5,3.6,2539,279,37.9,3.9,421,139,6.3,2.1,9,16,0.1,0.2,287600,8127,(X),(X),6702,279,6702,(X),4535,308,67.7,3.7,2167,267,32.3,3.7,4535,308,4535,(X),0,22,0.0,0.7,260,113,5.7,2.4,666,172,14.7,3.6,1092,267,24.1,5.4,1375,216,30.3,4.5,466,138,10.3,3.0,676,165,14.9,3.7,2091,84,(X),(X),2167,267,2167,(X),10,16,0.5,0.7,74,77,3.4,3.5,329,116,15.2,4.9,642,157,29.6,6.2,637,149,29.4,6.4,475,144,21.9,5.8,808,41,(X),(X),4535,308,4535,(X),1827,295,40.3,5.4,860,183,19.0,3.9,563,162,12.4,3.7,380,126,8.4,2.7,905,187,20.0,3.8,0,22,(X),(X),2154,268,2154,(X),649,177,30.1,6.9,423,135,19.6,5.8,281,108,13.0,4.6,132,68,6.1,3.1,166,68,7.7,3.2,141,95,6.5,4.3,362,124,16.8,5.4,13,20,(X),(X),1106,200,1106,(X),56,55,5.1,4.9,291,127,26.3,10.6,700,181,63.3,11.4,59,49,5.3,4.2,0,22,0.0,2.9,0,22,0.0,2.9,0,22,0.0,2.9,1086,38,(X),(X),103,68,(X),(X),1106,200,1106,(X),105,78,9.5,6.5,58,70,5.2,6.3,134,95,12.1,8.5,82,75,7.4,6.7,180,114,16.3,9.8,547,185,49.5,15.4,103,68,(X),(X)
0600000US0900305910,0900305910,"Bloomfield town, Hartford County, Connecticut",8823,370,8823,(X),8484,357,96.2,1.8,339,158,3.8,1.8,2.1,1.5,(X),(X),2.4,3.2,(X),(X),8823,370,8823,(X),5867,390,66.5,3.4,518,102,5.9,1.2,245,123,2.8,1.4,577,168,6.5,1.8,620,178,7.0,2.0,410,136,4.6,1.5,586,118,6.6,1.3,0,22,0.0,0.4,0,22,0.0,0.4,8823,370,8823,(X),8,16,0.1,0.2,9,13,0.1,0.2,845,202,9.6,2.3,649,157,7.4,1.7,1228,193,13.9,2.0,1110,246,12.6,2.7,1807,271,20.5,2.9,1889,257,21.4,2.9,500,197,5.7,2.2,778,192,8.8,2.2,8823,370,8823,(X),60,39,0.7,0.4,237,105,2.7,1.2,724,179,8.2,2.0,968,219,11.0,2.5,1780,274,20.2,2.9,1901,268,21.5,2.7,1399,221,15.9,2.5,871,223,9.9,2.5,883,180,10.0,2.0,5.8,0.2,(X),(X),8823,370,8823,(X),80,44,0.9,0.5,1136,205,12.9,2.3,2054,292,23.3,3.1,4065,389,46.1,3.8,1155,214,13.1,2.4,333,118,3.8,1.3,8484,357,8484,(X),6232,392,73.5,3.2,2252,280,26.5,3.2,2.49,0.12,(X),(X),2.00,0.15,(X),(X),8484,357,8484,(X),90,69,1.1,0.8,1613,299,19.0,3.3,3503,305,41.3,3.5,1410,221,16.6,2.6,816,153,9.6,1.7,1052,198,12.4,2.2,8484,357,8484,(X),774,140,9.1,1.7,3063,342,36.1,3.3,3274,360,38.6,3.9,1373,242,16.2,2.9,8484,357,8484,(X),3740,373,44.1,3.3,265,113,3.1,1.3,1428,215,16.8,2.5,2887,289,34.0,3.6,7,12,0.1,0.1,92,91,1.1,1.1,0,22,0.0,0.4,34,33,0.4,0.4,31,38,0.4,0.5,8484,357,8484,(X),0,22,0.0,0.4,29,23,0.3,0.3,148,83,1.7,1.0,8484,357,8484,(X),8441,356,99.5,0.5,43,43,0.5,0.5,0,22,0.0,0.4,6232,392,6232,(X),136,73,2.2,1.2,281,99,4.5,1.5,1005,192,16.1,2.9,1508,292,24.2,4.3,1996,290,32.0,4.5,1047,185,16.8,2.9,249,114,4.0,1.8,10,16,0.2,0.3,207900,9485,(X),(X),6232,392,6232,(X),4575,358,73.4,3.4,1657,233,26.6,3.4,4575,358,4575,(X),0,22,0.0,0.7,329,140,7.2,2.9,980,237,21.4,4.8,1339,240,29.3,5.2,1090,245,23.8,4.8,427,145,9.3,3.0,410,129,9.0,2.9,1828,118,(X),(X),1657,233,1657,(X),26,25,1.6,1.5,34,28,2.1,1.7,191,74,11.5,4.3,471,147,28.4,7.5,323,101,19.5,5.8,612,150,36.9,7.2,883,85,(X),(X),4568,357,4568,(X),1449,250,31.7,5.4,718,184,15.7,3.5,637,176,13.9,3.7,375,121,8.2,2.6,1389,270,30.4,5.1,7,12,(X),(X),1644,236,1644,(X),424,123,25.8,6.5,251,93,15.3,5.4,181,84,11.0,4.9,188,96,11.4,5.2,137,60,8.3,3.6,119,71,7.2,4.2,344,120,20.9,7.1,13,21,(X),(X),2132,274,2132,(X),459,105,21.5,5.0,288,123,13.5,5.4,677,177,31.8,7.5,428,170,20.1,6.9,166,87,7.8,3.9,58,40,2.7,1.9,56,42,2.6,1.9,1212,84,(X),(X),120,69,(X),(X),2046,280,2046,(X),353,119,17.3,5.8,201,98,9.8,4.6,298,123,14.6,5.8,254,131,12.4,6.0,208,107,10.2,4.9,732,172,35.8,6.6,206,103,(X),(X)
0600000US0900308490,0900308490,"Bristol town, Hartford County, Connecticut",26953,561,26953,(X),24921,456,92.5,1.3,2032,363,7.5,1.3,1.5,0.8,(X),(X),8.5,2.6,(X),(X),26953,561,26953,(X),15113,529,56.1,1.6,987,220,3.7,0.8,2920,350,10.8,1.3,2927,365,10.9,1.4,1735,283,6.4,1.0,808,197,3.0,0.7,2287,301,8.5,1.1,176,74,0.7,0.3,0,28,0.0,0.1,26953,561,26953,(X),14,22,0.1,0.1,68,63,0.3,0.2,1090,217,4.0,0.8,1424,252,5.3,0.9,4661,381,17.3,1.4,3551,440,13.2,1.6,4093,362,15.2,1.3,4375,402,16.2,1.4,1994,279,7.4,1.1,5683,555,21.1,1.9,26953,561,26953,(X),337,142,1.3,0.5,513,144,1.9,0.5,2618,334,9.7,1.2,5097,462,18.9,1.6,6012,507,22.3,1.8,5539,416,20.6,1.5,3100,367,11.5,1.3,2038,263,7.6,1.0,1699,235,6.3,0.9,5.3,0.1,(X),(X),26953,561,26953,(X),369,144,1.4,0.5,3590,393,13.3,1.5,8710,569,32.3,1.9,10421,524,38.7,1.9,3162,378,11.7,1.4,701,141,2.6,0.5,24921,456,24921,(X),16371,530,65.7,1.6,8550,416,34.3,1.6,2.59,0.06,(X),(X),2.04,0.10,(X),(X),24921,456,24921,(X),355,167,1.4,0.7,6523,489,26.2,1.9,8390,532,33.7,2.1,3663,325,14.7,1.3,2405,287,9.7,1.1,3585,367,14.4,1.4,24921,456,24921,(X),1850,317,7.4,1.3,9697,617,38.9,2.2,8790,468,35.3,1.9,4584,340,18.4,1.4,24921,456,24921,(X),4850,369,19.5,1.5,469,121,1.9,0.5,6152,371,24.7,1.4,12659,553,50.8,1.9,0,28,0.0,0.1,440,128,1.8,0.5,0,28,0.0,0.1,236,100,0.9,0.4,115,56,0.5,0.2,24921,456,24921,(X),117,83,0.5,0.3,81,66,0.3,0.3,384,134,1.5,0.5,24921,456,24921,(X),24739,494,99.3,0.4,125,79,0.5,0.3,57,51,0.2,0.2,16371,530,16371,(X),447,135,2.7,0.8,628,167,3.8,1.0,3126,342,19.1,2.0,4426,384,27.0,2.1,5748,442,35.1,2.5,1670,218,10.2,1.3,262,99,1.6,0.6,64,52,0.4,0.3,194600,4686,(X),(X),16371,530,16371,(X),11578,481,70.7,2.0,4793,370,29.3,2.0,11578,481,11578,(X),49,36,0.4,0.3,658,142,5.7,1.2,3244,345,28.0,2.9,3990,338,34.5,2.5,2428,305,21.0,2.6,822,211,7.1,1.8,387,135,3.3,1.1,1727,46,(X),(X),4793,370,4793,(X),69,49,1.4,1.0,187,93,3.9,1.9,1064,179,22.2,3.6,1804,242,37.6,3.8,1028,190,21.4,3.7,641,151,13.4,3.0,716,23,(X),(X),11566,479,11566,(X),3940,381,34.1,3.2,2192,282,19.0,2.4,1410,235,12.2,1.9,1153,239,10.0,2.0,2871,346,24.8,2.6,12,19,(X),(X),4696,367,4696,(X),1266,194,27.0,3.9,810,177,17.2,3.3,671,156,14.3,3.1,438,112,9.3,2.4,474,125,10.1,2.6,126,56,2.7,1.2,911,202,19.4,4.0,97,58,(X),(X),8227,417,8227,(X),1306,218,15.9,2.6,3809,378,46.3,4.4,2533,379,30.8,4.2,568,283,6.9,3.4,0,28,0.0,0.4,11,16,0.1,0.2,0,28,0.0,0.4,894,31,(X),(X),323,115,(X),(X),8159,419,8159,(X),873,256,10.7,3.1,1067,286,13.1,3.4,1313,221,16.1,2.6,1176,285,14.4,3.6,623,181,7.6,2.2,3107,362,38.1,3.7,391,121,(X),(X)
0600000US0900310100,0900310100,"Burlington town, Hartford County, Connecticut",3535,139,3535,(X),3374,128,95.4,2.3,161,85,4.6,2.3,3.2,2.1,(X),(X),0.0,13.2,(X),(X),3535,139,3535,(X),3319,164,93.9,2.1,81,54,2.3,1.5,70,62,2.0,1.8,25,28,0.7,0.8,21,24,0.6,0.7,0,17,0.0,0.9,19,22,0.5,0.6,0,17,0.0,0.9,0,17,0.0,0.9,3535,139,3535,(X),11,17,0.3,0.5,45,38,1.3,1.1,395,88,11.2,2.5,588,143,16.6,3.9,713,125,20.2,3.6,749,121,21.2,3.2,367,107,10.4,3.1,360,96,10.2,2.7,52,36,1.5,1.0,255,99,7.2,2.8,3535,139,3535,(X),0,17,0.0,0.9,43,50,1.2,1.4,30,27,0.8,0.8,122,59,3.5,1.6,519,142,14.7,4.1,583,117,16.5,3.1,897,155,25.4,4.3,662,133,18.7,3.6,679,108,19.2,3.1,7.0,0.2,(X),(X),3535,139,3535,(X),0,17,0.0,0.9,63,54,1.8,1.5,290,87,8.2,2.5,1984,148,56.1,3.9,1038,136,29.4,3.4,160,82,4.5,2.4,3374,128,3374,(X),3144,147,93.2,2.6,230,88,6.8,2.6,2.82,0.10,(X),(X),2.63,0.84,(X),(X),3374,128,3374,(X),15,18,0.4,0.5,514,135,15.2,4.0,1176,172,34.9,4.9,766,155,22.7,4.4,451,111,13.4,3.3,452,105,13.4,3.1,3374,128,3374,(X),68,41,2.0,1.2,583,135,17.3,3.7,1618,177,48.0,4.8,1105,125,32.8,4.1,3374,128,3374,(X),82,41,2.4,1.2,326,93,9.7,2.7,381,103,11.3,3.1,2272,165,67.3,4.4,6,10,0.2,0.3,215,80,6.4,2.3,0,17,0.0,1.0,75,53,2.2,1.6,17,18,0.5,0.6,3374,128,3374,(X),0,17,0.0,1.0,0,17,0.0,1.0,22,21,0.7,0.6,3374,128,3374,(X),3374,128,100.0,1.0,0,17,0.0,1.0,0,17,0.0,1.0,3144,147,3144,(X),70,65,2.2,2.1,0,17,0.0,1.0,51,35,1.6,1.1,175,65,5.6,2.0,1156,157,36.8,4.5,1349,144,42.9,4.2,343,105,10.9,3.4,0,17,0.0,1.0,317200,18783,(X),(X),3144,147,3144,(X),2414,152,76.8,4.0,730,136,23.2,4.0,2414,152,2414,(X),10,16,0.4,0.7,44,30,1.8,1.2,320,88,13.3,3.6,539,124,22.3,4.8,699,123,29.0,4.6,415,102,17.2,4.0,387,88,16.0,3.8,2210,74,(X),(X),730,136,730,(X),11,17,1.5,2.2,62,60,8.5,7.8,49,37,6.7,4.8,215,71,29.5,8.4,199,73,27.3,8.4,194,60,26.6,7.2,824,56,(X),(X),2414,152,2414,(X),1059,142,43.9,5.8,423,90,17.5,3.6,199,70,8.2,2.8,211,70,8.7,2.9,522,145,21.6,5.5,0,17,(X),(X),730,136,730,(X),274,72,37.5,8.1,200,85,27.4,9.8,83,42,11.4,5.4,60,33,8.2,4.7,0,17,0.0,4.4,40,27,5.5,3.5,73,53,10.0,6.7,0,17,(X),(X),221,86,221,(X),43,50,19.5,22.1,54,38,24.4,17.3,35,55,15.8,23.2,70,57,31.7,23.0,10,15,4.5,7.2,0,17,0.0,13.6,9,13,4.1,6.5,1346,655,(X),(X),9,13,(X),(X),221,86,221,(X),26,27,11.8,12.7,11,17,5.0,7.5,49,59,22.2,24.2,10,17,4.5,8.3,40,48,18.1,20.7,85,57,38.5,24.1,9,13,(X),(X)
0600000US0900312270,0900312270,"Canton town, Hartford County, Connecticut",4321,189,4321,(X),4008,149,92.8,3.4,313,155,7.2,3.4,3.4,2.5,(X),(X),7.4,8.4,(X),(X),4321,189,4321,(X),3104,208,71.8,4.3,256,90,5.9,2.0,309,135,7.2,3.1,259,104,6.0,2.4,255,129,5.9,2.9,97,63,2.2,1.5,41,38,0.9,0.9,0,19,0.0,0.7,0,19,0.0,0.7,4321,189,4321,(X),0,19,0.0,0.7,14,22,0.3,0.5,634,142,14.7,3.3,365,134,8.4,2.9,560,150,13.0,3.6,663,165,15.3,3.8,424,112,9.8,2.5,469,129,10.9,2.9,361,137,8.4,3.1,831,181,19.2,4.2,4321,189,4321,(X),37,58,0.9,1.3,17,29,0.4,0.7,130,82,3.0,1.9,510,158,11.8,3.6,655,197,15.2,4.5,416,116,9.6,2.6,878,187,20.3,4.2,755,155,17.5,3.7,923,182,21.4,4.2,7.0,0.3,(X),(X),4321,189,4321,(X),37,58,0.9,1.3,189,91,4.4,2.1,1228,211,28.4,4.7,1367,209,31.6,4.8,1215,210,28.1,4.8,285,107,6.6,2.5,4008,149,4008,(X),3257,182,81.3,4.3,751,181,18.7,4.3,2.68,0.11,(X),(X),1.98,0.35,(X),(X),4008,149,4008,(X),41,65,1.0,1.6,1033,214,25.8,5.1,1177,192,29.4,4.7,746,158,18.6,3.9,467,118,11.7,2.9,544,100,13.6,2.5,4008,149,4008,(X),86,61,2.1,1.5,1181,226,29.5,4.9,1749,219,43.6,5.5,992,151,24.8,4.1,4008,149,4008,(X),753,149,18.8,3.6,299,138,7.5,3.4,251,123,6.3,3.0,2387,228,59.6,5.5,0,19,0.0,0.8,221,93,5.5,2.3,0,19,0.0,0.8,97,62,2.4,1.6,0,19,0.0,0.8,4008,149,4008,(X),0,19,0.0,0.8,0,19,0.0,0.8,53,55,1.3,1.4,4008,149,4008,(X),4008,149,100.0,0.8,0,19,0.0,0.8,0,19,0.0,0.8,3257,182,3257,(X),34,26,1.0,0.8,9,14,0.3,0.4,140,82,4.3,2.4,394,139,12.1,4.1,1061,197,32.6,5.8,1161,188,35.6,5.8,458,136,14.1,4.1,0,19,0.0,1.0,299200,16026,(X),(X),3257,182,3257,(X),2313,211,71.0,4.4,944,143,29.0,4.4,2313,211,2313,(X),0,19,0.0,1.4,96,55,4.2,2.3,421,161,18.2,6.2,494,136,21.4,5.9,548,140,23.7,5.9,425,130,18.4,5.4,329,111,14.2,4.7,2133,125,(X),(X),944,143,944,(X),9,14,1.0,1.5,19,23,2.0,2.4,59,43,6.3,4.6,276,109,29.2,9.7,321,94,34.0,9.0,260,95,27.5,9.4,869,58,(X),(X),2300,211,2300,(X),850,158,37.0,6.0,363,123,15.8,5.2,353,124,15.3,5.3,242,106,10.5,4.5,492,126,21.4,4.9,13,22,(X),(X),944,143,944,(X),273,99,28.9,9.2,179,73,19.0,7.1,162,77,17.2,7.9,61,39,6.5,4.0,141,89,14.9,9.1,38,37,4.0,3.8,90,53,9.5,5.5,0,19,(X),(X),666,176,666,(X),7,12,1.1,1.8,175,86,26.3,12.1,366,141,55.0,14.6,109,82,16.4,11.4,9,14,1.4,2.1,0,19,0.0,4.8,0,19,0.0,4.8,1172,110,(X),(X),85,73,(X),(X),666,176,666,(X),83,66,12.5,9.5,107,73,16.1,9.9,22,27,3.3,4.1,103,68,15.5,9.4,0,19,0.0,4.8,351,137,52.7,14.7,85,73,(X),(X)
0600000US0900322070,0900322070,"East Granby town, Hartford County, Connecticut",2198,98,2198,(X),2145,92,97.6,2.8,53,63,2.4,2.8,0.0,2.0,(X),(X),0.0,5.9,(X),(X),2198,98,2198,(X),1725,117,78.5,5.2,49,31,2.2,1.4,65,77,3.0,3.4,82,37,3.7,1.7,42,35,1.9,1.6,222,92,10.1,4.1,13,19,0.6,0.9,0,17,0.0,1.5,0,17,0.0,1.5,2198,98,2198,(X),0,17,0.0,1.5,11,18,0.5,0.8,300,92,13.6,4.3,155,65,7.1,2.9,392,96,17.8,4.4,362,119,16.5,5.4,470,120,21.4,5.3,314,104,14.3,4.6,43,38,2.0,1.7,151,92,6.9,4.2,2198,98,2198,(X),0,17,0.0,1.5,0,17,0.0,1.5,192,98,8.7,4.4,377,140,17.2,6.2,240,98,10.9,4.3,321,113,14.6,5.1,401,121,18.2,5.6,327,110,14.9,4.9,340,112,15.5,5.3,6.4,0.4,(X),(X),2198,98,2198,(X),0,17,0.0,1.5,238,111,10.8,4.9,503,138,22.9,6.0,901,142,41.0,6.2,489,115,22.2,5.5,67,49,3.0,2.3,2145,92,2145,(X),1610,142,75.1,5.8,535,126,24.9,5.8,2.64,0.17,(X),(X),1.63,0.23,(X),(X),2145,92,2145,(X),14,24,0.7,1.1,461,133,21.5,6.0,841,129,39.2,6.2,305,103,14.2,4.7,237,92,11.0,4.3,287,71,13.4,3.2,2145,92,2145,(X),61,48,2.8,2.2,609,140,28.4,6.1,973,150,45.4,6.5,502,108,23.4,5.3,2145,92,2145,(X),126,45,5.9,2.1,97,62,4.5,3.0,438,116,20.4,5.2,1386,154,64.6,6.3,0,17,0.0,1.5,69,58,3.2,2.7,0,17,0.0,1.5,29,28,1.4,1.3,0,17,0.0,1.5,2145,92,2145,(X),0,17,0.0,1.5,0,17,0.0,1.5,20,34,0.9,1.6,2145,92,2145,(X),2145,92,100.0,1.5,0,17,0.0,1.5,0,17,0.0,1.5,1610,142,1610,(X),20,31,1.2,1.9,41,40,2.5,2.4,14,22,0.9,1.4,91,58,5.7,3.6,779,157,48.4,8.1,571,130,35.5,8.0,94,61,5.8,3.7,0,17,0.0,2.0,283500,12151,(X),(X),1610,142,1610,(X),1064,119,66.1,6.3,546,124,33.9,6.3,1064,119,1064,(X),20,31,1.9,2.9,31,34,2.9,3.2,146,85,13.7,7.7,380,104,35.7,9.1,155,92,14.6,8.2,200,87,18.8,8.2,132,72,12.4,6.9,1956,114,(X),(X),546,124,546,(X),0,17,0.0,5.8,30,34,5.5,6.2,94,69,17.2,11.9,193,86,35.3,14.1,125,65,22.9,10.9,104,60,19.0,9.9,757,69,(X),(X),1064,119,1064,(X),445,126,41.8,10.5,229,93,21.5,8.7,94,65,8.8,6.3,91,70,8.6,6.4,205,90,19.3,7.9,0,17,(X),(X),546,124,546,(X),112,57,20.5,9.9,172,84,31.5,13.1,61,52,11.2,9.8,60,56,11.0,9.8,56,45,10.3,8.1,16,25,2.9,4.5,69,56,12.6,9.7,0,17,(X),(X),522,126,522,(X),51,28,9.8,6.0,235,93,45.0,15.4,191,107,36.6,16.7,45,43,8.6,8.1,0,17,0.0,6.0,0,17,0.0,6.0,0,17,0.0,6.0,955,135,(X),(X),13,22,(X),(X),522,126,522,(X),33,39,6.3,7.8,49,55,9.4,10.6,117,98,22.4,18.3,40,47,7.7,9.3,0,17,0.0,6.0,283,129,54.2,20.1,13,22,(X),(X)
0600000US0900322630,0900322630,"East Hartford town, Hartford County, Connecticut",22116,601,22116,(X),20225,445,91.4,1.4,1891,339,8.6,1.4,2.2,0.9,(X),(X),6.2,2.4,(X),(X),22116,601,22116,(X),11247,457,50.9,1.6,932,230,4.2,1.0,1978,326,8.9,1.5,2185,285,9.9,1.3,1054,303,4.8,1.4,1045,257,4.7,1.1,3084,406,13.9,1.8,591,116,2.7,0.5,0,28,0.0,0.1,22116,601,22116,(X),0,28,0.0,0.1,55,51,0.2,0.2,399,128,1.8,0.6,417,133,1.9,0.6,2131,279,9.6,1.3,2576,323,11.6,1.4,5062,440,22.9,2.0,5936,458,26.8,1.9,2334,318,10.6,1.3,3206,351,14.5,1.5,22116,601,22116,(X),710,180,3.2,0.8,393,148,1.8,0.7,2632,335,11.9,1.4,4383,427,19.8,1.9,4371,432,19.8,2.0,4595,389,20.8,1.6,2946,284,13.3,1.3,1139,198,5.2,0.9,947,196,4.3,0.9,5.2,0.1,(X),(X),22116,601,22116,(X),730,182,3.3,0.8,3216,395,14.5,1.7,6934,521,31.4,2.2,8691,484,39.3,2.0,2111,268,9.5,1.2,434,145,2.0,0.7,20225,445,20225,(X),11429,543,56.5,2.1,8796,432,43.5,2.1,2.63,0.07,(X),(X),2.33,0.09,(X),(X),20225,445,20225,(X),243,128,1.2,0.6,5616,483,27.8,2.3,7997,555,39.5,2.6,2605,322,12.9,1.6,1607,205,7.9,1.0,2157,235,10.7,1.1,20225,445,20225,(X),3045,315,15.1,1.6,7647,615,37.8,2.6,6754,511,33.4,2.5,2779,267,13.7,1.4,20225,445,20225,(X),10661,493,52.7,2.1,301,102,1.5,0.5,2773,307,13.7,1.5,6143,419,30.4,2.0,31,35,0.2,0.2,103,67,0.5,0.3,22,30,0.1,0.1,99,55,0.5,0.3,92,62,0.5,0.3,20225,445,20225,(X),0,28,0.0,0.2,55,40,0.3,0.2,330,128,1.6,0.6,20225,445,20225,(X),19754,496,97.7,0.8,262,108,1.3,0.5,209,123,1.0,0.6,11429,543,11429,(X),702,128,6.1,1.1,863,197,7.6,1.6,2588,338,22.6,2.6,4240,361,37.1,3.0,2632,262,23.0,2.2,260,81,2.3,0.7,96,71,0.8,0.6,48,38,0.4,0.3,165400,2636,(X),(X),11429,543,11429,(X),7879,502,68.9,2.3,3550,286,31.1,2.3,7879,502,7879,(X),76,57,1.0,0.7,478,120,6.1,1.5,2110,330,26.8,3.5,2844,327,36.1,3.4,1748,266,22.2,3.2,380,107,4.8,1.4,243,104,3.1,1.4,1716,46,(X),(X),3550,286,3550,(X),111,51,3.1,1.4,200,77,5.6,2.1,565,121,15.9,2.8,1506,172,42.4,4.2,832,133,23.4,3.5,336,102,9.5,2.7,712,22,(X),(X),7845,500,7845,(X),2056,213,26.2,2.5,1339,199,17.1,2.5,1078,230,13.7,2.7,855,197,10.9,2.4,2517,351,32.1,3.8,34,30,(X),(X),3528,285,3528,(X),892,195,25.3,4.9,698,153,19.8,4.4,449,110,12.7,2.9,288,73,8.2,2.0,274,82,7.8,2.1,253,102,7.2,2.7,674,129,19.1,3.5,22,21,(X),(X),8531,443,8531,(X),1422,299,16.7,3.2,3829,369,44.9,4.0,2960,368,34.7,4.0,266,94,3.1,1.1,39,45,0.5,0.5,15,25,0.2,0.3,0,28,0.0,0.4,925,25,(X),(X),265,128,(X),(X),8350,458,8350,(X),844,245,10.1,2.9,733,194,8.8,2.2,767,238,9.2,2.8,1173,255,14.0,3.0,955,273,11.4,3.1,3878,446,46.4,5.0,446,164,(X),(X)
0600000US0900324800,0900324800,"East Windsor town, Hartford County, Connecticut",4691,289,4691,(X),4422,296,94.3,3.2,269,153,5.7,3.2,1.4,2.2,(X),(X),7.5,8.0,(X),(X),4691,289,4691,(X),2705,262,57.7,4.3,369,118,7.9,2.5,344,148,7.3,3.2,187,89,4.0,1.9,297,136,6.3,2.8,316,138,6.7,3.0,240,131,5.1,2.7,233,103,5.0,2.1,0,19,0.0,0.7,4691,289,4691,(X),14,22,0.3,0.5,63,41,1.3,0.9,854,201,18.2,4.0,503,171,10.7,3.6,734,195,15.6,3.9,369,133,7.9,2.8,244,108,5.2,2.2,898,188,19.1,4.0,207,109,4.4,2.3,805,214,17.2,4.6,4691,289,4691,(X),14,24,0.3,0.5,54,39,1.2,0.8,385,144,8.2,2.9,1075,253,22.9,5.1,890,250,19.0,5.2,872,186,18.6,4.0,536,157,11.4,3.3,364,139,7.8,2.8,501,140,10.7,3.0,5.4,0.3,(X),(X),4691,289,4691,(X),14,24,0.3,0.5,377,131,8.0,2.7,1930,287,41.1,5.3,1532,274,32.7,5.1,589,177,12.6,3.9,249,122,5.3,2.7,4422,296,4422,(X),3107,357,70.3,4.9,1315,196,29.7,4.9,2.46,0.18,(X),(X),2.69,0.33,(X),(X),4422,296,4422,(X),90,82,2.0,1.8,1391,242,31.5,4.9,1585,258,35.8,5.8,635,183,14.4,4.1,319,115,7.2,2.5,402,132,9.1,2.7,4422,296,4422,(X),67,42,1.5,0.9,1622,280,36.7,5.1,1849,245,41.8,5.1,884,186,20.0,4.3,4422,296,4422,(X),1374,265,31.1,5.1,317,100,7.2,2.3,624,181,14.1,4.1,1980,264,44.8,5.5,0,19,0.0,0.7,90,58,2.0,1.3,0,19,0.0,0.7,37,35,0.8,0.8,0,19,0.0,0.7,4422,296,4422,(X),0,19,0.0,0.7,0,19,0.0,0.7,25,31,0.6,0.7,4422,296,4422,(X),4371,311,98.8,1.1,51,47,1.2,1.1,0,19,0.0,0.7,3107,357,3107,(X),179,89,5.8,2.6,96,56,3.1,1.8,489,157,15.7,5.2,623,196,20.1,5.4,1041,219,33.5,5.6,666,141,21.4,4.4,0,19,0.0,1.0,13,19,0.4,0.6,212100,12131,(X),(X),3107,357,3107,(X),2250,316,72.4,5.0,857,176,27.6,5.0,2250,316,2250,(X),0,19,0.0,1.4,51,40,2.3,1.8,586,195,26.0,6.8,650,162,28.9,6.5,539,158,24.0,7.1,243,123,10.8,5.0,181,93,8.0,4.0,1906,89,(X),(X),857,176,857,(X),32,35,3.7,4.1,28,27,3.3,3.3,178,77,20.8,9.0,339,124,39.6,10.7,196,96,22.9,8.9,84,52,9.8,6.1,694,47,(X),(X),2224,312,2224,(X),681,197,30.6,8.1,392,149,17.6,6.4,354,144,15.9,6.4,291,130,13.1,5.4,506,196,22.8,7.6,26,31,(X),(X),857,176,857,(X),197,91,23.0,9.6,163,79,19.0,8.5,94,54,11.0,6.0,125,60,14.6,6.9,69,57,8.1,6.5,25,28,2.9,3.1,184,106,21.5,10.6,0,19,(X),(X),1301,197,1301,(X),41,40,3.2,3.1,294,143,22.6,10.1,743,219,57.1,14.3,211,122,16.2,9.5,12,20,0.9,1.6,0,19,0.0,2.5,0,19,0.0,2.5,1148,55,(X),(X),14,22,(X),(X),1301,197,1301,(X),216,135,16.6,9.3,260,157,20.0,11.8,197,135,15.1,10.0,80,53,6.1,4.0,170,110,13.1,8.7,378,143,29.1,11.0,14,22,(X),(X)
0600000US0900325990,0900325990,"Enfield town, Hartford County, Connecticut",17446,474,17446,(X),16225,491,93.0,1.4,1221,243,7.0,1.4,1.0,0.5,(X),(X),6.0,3.0,(X),(X),17446,474,17446,(X),12024,475,68.9,1.6,912,157,5.2,0.9,1143,246,6.6,1.4,1170,225,6.7,1.3,856,219,4.9,1.3,469,110,2.7,0.6,818,154,4.7,0.9,49,51,0.3,0.3,5,8,0.0,0.1,17446,474,17446,(X),0,25,0.0,0.2,97,62,0.6,0.4,431,113,2.5,0.6,808,149,4.6,0.9,2663,290,15.3,1.7,1705,220,9.8,1.2,3553,330,20.4,1.8,4717,334,27.0,1.7,783,151,4.5,0.9,2689,265,15.4,1.4,17446,474,17446,(X),307,130,1.8,0.7,315,109,1.8,0.6,1003,209,5.7,1.2,2132,255,12.2,1.4,3664,326,21.0,1.8,4385,373,25.1,2.0,3019,272,17.3,1.5,1549,229,8.9,1.3,1072,158,6.1,0.9,5.8,0.1,(X),(X),17446,474,17446,(X),360,143,2.1,0.8,1588,243,9.1,1.3,3970,344,22.8,1.9,7544,404,43.2,2.1,3501,317,20.1,1.7,483,154,2.8,0.9,16225,491,16225,(X),12020,431,74.1,1.7,4205,324,25.9,1.7,2.61,0.06,(X),(X),2.25,0.12,(X),(X),16225,491,16225,(X),201,98,1.2,0.6,3622,360,22.3,2.2,4965,368,30.6,2.0,2703,261,16.7,1.5,1780,173,11.0,1.0,2954,211,18.2,1.1,16225,491,16225,(X),957,235,5.9,1.4,5264,417,32.4,2.1,6899,394,42.5,2.2,3105,249,19.1,1.5,16225,491,16225,(X),6073,347,37.4,1.6,402,80,2.5,0.5,1033,156,6.4,0.9,8224,385,50.7,1.9,10,16,0.1,0.1,250,74,1.5,0.5,0,25,0.0,0.2,203,98,1.3,0.6,30,27,0.2,0.2,16225,491,16225,(X),55,54,0.3,0.3,159,121,1.0,0.7,234,87,1.4,0.5,16225,491,16225,(X),15964,510,98.4,0.7,197,107,1.2,0.7,64,52,0.4,0.3,12020,431,12020,(X),272,74,2.3,0.6,311,93,2.6,0.8,1911,241,15.9,1.8,4770,348,39.7,2.2,3841,284,32.0,2.4,742,135,6.2,1.1,143,75,1.2,0.6,30,24,0.2,0.2,186900,2719,(X),(X),12020,431,12020,(X),8219,375,68.4,1.7,3801,234,31.6,1.7,8219,375,8219,(X),16,18,0.2,0.2,582,131,7.1,1.5,2134,279,26.0,3.1,3320,299,40.4,3.1,1468,188,17.9,2.3,512,142,6.2,1.7,187,76,2.3,0.9,1683,32,(X),(X),3801,234,3801,(X),32,23,0.8,0.6,184,59,4.8,1.5,1100,166,28.9,3.8,1405,158,37.0,3.6,770,119,20.3,3.0,310,82,8.2,2.1,671,16,(X),(X),8202,378,8202,(X),3054,274,37.2,3.0,1602,182,19.5,2.0,1313,182,16.0,2.1,626,129,7.6,1.6,1607,232,19.6,2.6,17,20,(X),(X),3750,231,3750,(X),1034,147,27.6,3.4,680,114,18.1,3.1,525,108,14.0,2.7,440,101,11.7,2.6,263,92,7.0,2.3,268,93,7.1,2.5,540,105,14.4,2.7,51,28,(X),(X),4076,316,4076,(X),355,158,8.7,3.8,1450,235,35.6,5.4,1744,255,42.8,5.5,472,143,11.6,3.2,43,32,1.1,0.8,0,25,0.0,0.8,12,19,0.3,0.5,1061,52,(X),(X),129,53,(X),(X),3995,315,3995,(X),410,153,10.3,3.8,718,170,18.0,4.1,647,187,16.2,4.5,521,189,13.0,4.6,405,141,10.1,3.4,1294,241,32.4,5.7,210,108,(X),(X)
0600000US0900327600,0900327600,"Farmington town, Hartford County, Connecticut",11052,226,11052,(X),10343,214,93.6,1.7,709,194,6.4,1.7,1.6,1.3,(X),(X),5.8,4.4,(X),(X),11052,226,11052,(X),6586,317,59.6,2.3,1348,236,12.2,2.1,398,148,3.6,1.3,928,179,8.4,1.7,604,154,5.5,1.4,311,95,2.8,0.9,868,184,7.9,1.7,9,15,0.1,0.1,0,22,0.0,0.3,11052,226,11052,(X),0,22,0.0,0.3,79,43,0.7,0.4,1240,160,11.2,1.4,1509,225,13.7,2.0,2576,226,23.3,2.0,1926,236,17.4,2.1,1070,178,9.7,1.6,1317,165,11.9,1.5,399,119,3.6,1.1,936,170,8.5,1.5,11052,226,11052,(X),191,75,1.7,0.7,228,88,2.1,0.8,759,198,6.9,1.8,1764,248,16.0,2.2,1779,228,16.1,1.9,1711,264,15.5,2.4,1425,178,12.9,1.7,1385,196,12.5,1.7,1810,184,16.4,1.7,6.0,0.2,(X),(X),11052,226,11052,(X),217,80,2.0,0.7,1138,184,10.3,1.7,3138,276,28.4,2.4,3422,307,31.0,2.6,2473,256,22.4,2.3,664,112,6.0,1.0,10343,214,10343,(X),7626,329,73.7,2.6,2717,263,26.3,2.6,2.67,0.06,(X),(X),1.79,0.12,(X),(X),10343,214,10343,(X),119,65,1.2,0.6,2645,238,25.6,2.3,3630,281,35.1,2.5,1931,212,18.7,2.1,1194,199,11.5,1.9,824,132,8.0,1.2,10343,214,10343,(X),663,153,6.4,1.5,3178,287,30.7,2.4,4095,344,39.6,3.5,2407,264,23.3,2.5,10343,214,10343,(X),3756,235,36.3,2.1,337,96,3.3,0.9,1463,237,14.1,2.3,4597,278,44.4,2.6,0,22,0.0,0.3,103,55,1.0,0.5,0,22,0.0,0.3,63,33,0.6,0.3,24,23,0.2,0.2,10343,214,10343,(X),0,22,0.0,0.3,94,72,0.9,0.7,260,99,2.5,1.0,10343,214,10343,(X),10311,219,99.7,0.3,32,26,0.3,0.3,0,22,0.0,0.3,7626,329,7626,(X),171,74,2.2,1.0,98,100,1.3,1.3,244,88,3.2,1.1,759,163,10.0,2.0,2075,210,27.2,2.5,2912,249,38.2,3.1,1152,170,15.1,2.1,215,63,2.8,0.9,327600,12934,(X),(X),7626,329,7626,(X),5399,315,70.8,2.9,2227,239,29.2,2.9,5399,315,5399,(X),8,14,0.1,0.3,230,91,4.3,1.7,841,158,15.6,2.6,1246,214,23.1,3.7,1236,186,22.9,3.2,725,154,13.4,3.0,1113,174,20.6,3.0,2151,76,(X),(X),2227,239,2227,(X),14,17,0.6,0.8,27,25,1.2,1.1,273,90,12.3,4.1,647,163,29.1,6.0,412,102,18.5,4.0,854,128,38.3,4.8,855,41,(X),(X),5377,317,5377,(X),2458,234,45.7,3.5,742,159,13.8,2.9,574,126,10.7,2.3,391,126,7.3,2.3,1212,189,22.5,3.2,22,34,(X),(X),2205,239,2205,(X),802,122,36.4,5.8,412,102,18.7,4.2,258,104,11.7,4.5,278,118,12.6,4.7,92,47,4.2,2.1,86,51,3.9,2.3,277,79,12.6,3.1,22,25,(X),(X),2499,258,2499,(X),210,83,8.4,3.4,509,124,20.4,4.9,1141,243,45.7,7.3,502,136,20.1,5.2,92,68,3.7,2.8,17,18,0.7,0.7,28,26,1.1,1.0,1182,44,(X),(X),218,89,(X),(X),2474,258,2474,(X),510,158,20.6,5.5,326,120,13.2,4.8,266,129,10.8,4.9,241,87,9.7,3.7,118,63,4.8,2.5,1013,168,40.9,5.9,243,94,(X),(X)
0600000US0900331240,0900331240,"Glastonbury town, Hartford County, Connecticut",13722,300,13722,(X),13121,274,95.6,1.4,601,192,4.4,1.4,1.2,0.9,(X),(X),0.0,1.3,(X),(X),13722,300,13722,(X),10052,316,73.3,1.8,1112,181,8.1,1.3,826,198,6.0,1.4,508,146,3.7,1.1,310,115,2.3,0.8,170,78,1.2,0.6,744,136,5.4,1.0,0,25,0.0,0.2,0,25,0.0,0.2,13722,300,13722,(X),0,25,0.0,0.2,68,48,0.5,0.3,917,143,6.7,1.1,2131,207,15.5,1.5,2446,259,17.8,1.8,2507,231,18.3,1.6,1702,230,12.4,1.7,1817,269,13.2,1.9,581,163,4.2,1.2,1553,241,11.3,1.7,13722,300,13722,(X),166,78,1.2,0.6,109,51,0.8,0.4,622,121,4.5,0.9,1316,221,9.6,1.6,1772,267,12.9,1.9,2172,271,15.8,2.0,2014,236,14.7,1.7,2194,283,16.0,2.0,3357,283,24.5,2.0,6.8,0.3,(X),(X),13722,300,13722,(X),166,78,1.2,0.6,794,143,5.8,1.0,2903,271,21.2,1.9,4596,355,33.5,2.5,4543,307,33.1,2.1,720,124,5.2,0.9,13121,274,13121,(X),10673,365,81.3,1.9,2448,244,18.7,1.9,2.71,0.07,(X),(X),2.21,0.16,(X),(X),13121,274,13121,(X),144,100,1.1,0.8,2177,233,16.6,1.8,4985,340,38.0,2.5,3067,305,23.4,2.2,1283,201,9.8,1.5,1465,192,11.2,1.5,13121,274,13121,(X),418,106,3.2,0.8,3298,324,25.1,2.2,6255,385,47.7,2.8,3150,241,24.0,2.0,13121,274,13121,(X),6609,317,50.4,2.1,509,122,3.9,0.9,936,192,7.1,1.5,4717,257,36.0,1.8,10,16,0.1,0.1,195,79,1.5,0.6,20,22,0.2,0.2,110,67,0.8,0.5,15,19,0.1,0.1,13121,274,13121,(X),56,44,0.4,0.3,104,63,0.8,0.5,86,53,0.7,0.4,13121,274,13121,(X),13063,280,99.6,0.3,52,43,0.4,0.3,6,11,0.0,0.1,10673,365,10673,(X),266,84,2.5,0.8,100,53,0.9,0.5,353,114,3.3,1.0,806,141,7.6,1.3,2352,281,22.0,2.5,4488,314,42.1,2.6,2172,172,20.4,1.6,136,64,1.3,0.6,346300,7090,(X),(X),10673,365,10673,(X),7411,363,69.4,2.6,3262,302,30.6,2.6,7411,363,7411,(X),27,25,0.4,0.3,232,85,3.1,1.1,781,170,10.5,2.1,1398,230,18.9,2.8,1520,178,20.5,2.4,1188,214,16.0,2.8,2265,242,30.6,3.2,2417,78,(X),(X),3262,302,3262,(X),51,42,1.6,1.3,7,13,0.2,0.4,249,101,7.6,3.0,533,128,16.3,3.5,889,179,27.3,4.7,1533,190,47.0,4.4,981,27,(X),(X),7401,364,7401,(X),3260,272,44.0,3.7,1279,220,17.3,2.6,943,166,12.7,2.1,686,163,9.3,2.2,1233,224,16.7,2.8,10,15,(X),(X),3232,304,3232,(X),1088,185,33.7,4.9,775,183,24.0,5.0,432,111,13.4,3.1,156,67,4.8,2.0,261,83,8.1,2.5,83,48,2.6,1.5,437,104,13.5,3.1,30,33,(X),(X),2169,243,2169,(X),286,100,13.2,4.6,490,178,22.6,7.3,943,188,43.5,6.8,219,77,10.1,3.7,123,56,5.7,2.6,43,40,2.0,1.8,65,48,3.0,2.2,1207,104,(X),(X),279,138,(X),(X),2122,247,2122,(X),260,99,12.3,4.4,403,140,19.0,6.4,435,159,20.5,6.8,233,108,11.0,5.1,180,81,8.5,3.7,611,158,28.8,6.6,326,145,(X),(X)
0600000US0900332640,0900332640,"Granby town, Hartford County, Connecticut",4597,175,4597,(X),4258,150,92.6,2.5,339,123,7.4,2.5,3.9,2.2,(X),(X),14.5,13.7,(X),(X),4597,175,4597,(X),4104,188,89.3,2.6,236,68,5.1,1.5,102,83,2.2,1.8,67,50,1.5,1.1,37,24,0.8,0.5,18,20,0.4,0.4,33,29,0.7,0.6,0,19,0.0,0.7,0,19,0.0,0.7,4597,175,4597,(X),0,19,0.0,0.7,0,19,0.0,0.7,473,156,10.3,3.4,847,194,18.4,4.2,941,176,20.5,3.8,708,155,15.4,3.3,400,121,8.7,2.6,684,136,14.9,2.9,256,104,5.6,2.2,288,96,6.3,2.1,4597,175,4597,(X),69,81,1.5,1.7,41,34,0.9,0.7,98,43,2.1,1.0,183,67,4.0,1.5,747,149,16.2,3.2,873,209,19.0,4.4,708,162,15.4,3.5,690,180,15.0,4.0,1188,261,25.8,5.6,6.9,0.3,(X),(X),4597,175,4597,(X),83,81,1.8,1.7,162,59,3.5,1.3,597,116,13.0,2.5,2098,255,45.6,5.2,1375,231,29.9,5.0,282,106,6.1,2.3,4258,150,4258,(X),3904,157,91.7,3.1,354,138,8.3,3.1,2.69,0.09,(X),(X),1.93,0.54,(X),(X),4258,150,4258,(X),132,79,3.1,1.9,565,175,13.3,4.0,1545,233,36.3,5.1,1001,170,23.5,3.9,520,131,12.2,3.2,495,129,11.6,3.0,4258,150,4258,(X),90,52,2.1,1.2,890,179,20.9,4.0,1975,252,46.4,5.4,1303,207,30.6,5.1,4258,150,4258,(X),205,82,4.8,1.9,332,114,7.8,2.7,178,60,4.2,1.4,3157,223,74.1,4.4,0,19,0.0,0.8,230,90,5.4,2.1,0,19,0.0,0.8,141,84,3.3,2.0,15,23,0.4,0.5,4258,150,4258,(X),0,19,0.0,0.8,0,19,0.0,0.8,30,36,0.7,0.8,4258,150,4258,(X),4236,154,99.5,0.8,0,19,0.0,0.8,22,34,0.5,0.8,3904,157,3904,(X),51,45,1.3,1.2,48,46,1.2,1.2,104,57,2.7,1.5,390,106,10.0,2.7,1528,228,39.1,5.5,1547,209,39.6,5.1,208,83,5.3,2.1,28,31,0.7,0.8,289500,11869,(X),(X),3904,157,3904,(X),2873,201,73.6,4.2,1031,168,26.4,4.2,2873,201,2873,(X),0,19,0.0,1.1,101,62,3.5,2.2,389,127,13.5,4.3,739,177,25.7,5.9,641,156,22.3,5.4,544,161,18.9,5.3,459,131,16.0,4.4,2162,121,(X),(X),1031,168,1031,(X),11,19,1.1,1.9,41,38,4.0,3.5,89,49,8.6,4.6,319,104,30.9,9.2,213,82,20.7,7.2,358,105,34.7,8.5,834,50,(X),(X),2873,201,2873,(X),1254,195,43.6,6.2,388,130,13.5,4.3,334,113,11.6,3.9,150,78,5.2,2.7,747,193,26.0,6.4,0,19,(X),(X),1031,168,1031,(X),372,122,36.1,9.0,258,94,25.0,8.0,107,52,10.4,4.9,53,44,5.1,4.2,46,35,4.5,3.4,68,49,6.6,4.7,127,53,12.3,5.4,0,19,(X),(X),301,129,301,(X),37,21,12.3,9.0,129,89,42.9,20.3,89,57,29.6,20.8,0,19,0.0,10.2,0,19,0.0,10.2,0,19,0.0,10.2,46,75,15.3,21.9,898,257,(X),(X),53,47,(X),(X),301,129,301,(X),125,116,41.5,26.9,9,13,3.0,4.6,58,51,19.3,17.1,19,14,6.3,5.4,17,20,5.6,7.2,73,44,24.3,16.3,53,47,(X),(X)
0600000US0900337070,0900337070,"Hartford town, Hartford County, Connecticut",52737,845,52737,(X),45239,852,85.8,1.0,7498,557,14.2,1.0,3.6,1.0,(X),(X),9.6,1.1,(X),(X),52737,845,52737,(X),7860,396,14.9,0.7,2273,278,4.3,0.5,7139,510,13.5,0.9,12051,581,22.9,1.0,7860,528,14.9,1.0,4916,471,9.3,0.9,10621,515,20.1,0.9,17,29,0.0,0.1,0,28,0.0,0.1,52737,845,52737,(X),0,28,0.0,0.1,134,78,0.3,0.1,1986,244,3.8,0.5,2388,268,4.5,0.5,3574,342,6.8,0.6,4259,428,8.1,0.8,6641,554,12.6,1.1,8236,565,15.6,1.0,7239,474,13.7,0.9,18280,818,34.7,1.4,52737,845,52737,(X),3272,391,6.2,0.7,2161,260,4.1,0.5,8895,514,16.9,1.0,10868,647,20.6,1.2,14793,709,28.1,1.2,7173,510,13.6,0.9,2782,343,5.3,0.7,1155,202,2.2,0.4,1638,211,3.1,0.4,4.6,0.1,(X),(X),52737,845,52737,(X),3454,409,6.5,0.8,12500,583,23.7,1.0,18314,754,34.7,1.3,14025,638,26.6,1.2,3243,312,6.1,0.6,1201,178,2.3,0.3,45239,852,45239,(X),10743,469,23.7,1.0,34496,843,76.3,1.0,2.78,0.10,(X),(X),2.52,0.06,(X),(X),45239,852,45239,(X),923,189,2.0,0.4,18912,665,41.8,1.5,16568,810,36.6,1.4,4763,391,10.5,0.8,2088,248,4.6,0.5,1985,255,4.4,0.6,45239,852,45239,(X),15306,639,33.8,1.2,19552,761,43.2,1.3,7968,421,17.6,0.9,2413,327,5.3,0.7,45239,852,45239,(X),28346,1062,62.7,1.8,960,202,2.1,0.4,8965,537,19.8,1.2,5907,436,13.1,1.0,77,75,0.2,0.2,9,15,0.0,0.1,0,28,0.0,0.1,279,106,0.6,0.2,696,172,1.5,0.4,45239,852,45239,(X),297,114,0.7,0.3,430,141,1.0,0.3,1516,227,3.4,0.5,45239,852,45239,(X),42584,1026,94.1,0.8,1544,254,3.4,0.6,1111,261,2.5,0.6,10743,469,10743,(X),486,133,4.5,1.2,1326,211,12.3,1.9,2475,275,23.0,2.6,3176,319,29.6,2.4,2211,272,20.6,2.3,675,162,6.3,1.5,309,94,2.9,0.9,85,49,0.8,0.5,161400,2399,(X),(X),10743,469,10743,(X),8267,428,77.0,2.3,2476,277,23.0,2.3,8267,428,8267,(X),6,9,0.1,0.1,1026,180,12.4,2.1,2638,279,31.9,2.9,2476,259,30.0,3.0,1105,197,13.4,2.2,598,157,7.2,1.8,418,103,5.1,1.2,1584,45,(X),(X),2476,277,2476,(X),122,63,4.9,2.5,225,80,9.1,3.0,629,144,25.4,4.5,610,113,24.6,4.1,414,110,16.7,4.1,476,113,19.2,4.0,700,36,(X),(X),8225,430,8225,(X),2189,280,26.6,3.0,1086,222,13.2,2.7,958,196,11.6,2.2,642,148,7.8,1.7,3350,337,40.7,3.7,42,42,(X),(X),2426,276,2426,(X),552,131,22.8,4.7,469,131,19.3,4.8,397,108,16.4,4.5,295,106,12.2,3.9,132,60,5.4,2.4,214,78,8.8,3.0,367,97,15.1,3.5,50,36,(X),(X),33967,825,33967,(X),5411,453,15.9,1.3,16169,723,47.6,1.6,10338,588,30.4,1.7,1793,254,5.3,0.7,200,81,0.6,0.2,30,30,0.1,0.1,26,23,0.1,0.1,890,12,(X),(X),529,132,(X),(X),32798,836,32798,(X),3258,309,9.9,0.9,3179,348,9.7,1.0,2993,319,9.1,1.0,3660,425,11.2,1.3,2935,372,8.9,1.1,16773,726,51.1,1.6,1698,273,(X),(X)
0600000US0900337140,0900337140,"Hartland town, Hartford County, Connecticut",832,49,832,(X),763,56,91.7,3.3,69,28,8.3,3.3,1.1,1.8,(X),(X),0.0,40.7,(X),(X),832,49,832,(X),798,52,95.9,2.8,6,7,0.7,0.8,28,22,3.4,2.6,0,12,0.0,3.8,0,12,0.0,3.8,0,12,0.0,3.8,0,12,0.0,3.8,0,12,0.0,3.8,0,12,0.0,3.8,832,49,832,(X),0,12,0.0,3.8,0,12,0.0,3.8,77,26,9.3,3.2,97,25,11.7,2.8,163,33,19.6,3.9,82,26,9.9,2.9,89,27,10.7,3.1,102,26,12.3,3.2,77,30,9.3,3.6,145,40,17.4,4.4,832,49,832,(X),0,12,0.0,3.8,3,4,0.4,0.5,19,15,2.3,1.8,37,23,4.4,2.6,190,43,22.8,5.1,177,37,21.3,4.2,116,34,13.9,3.9,160,33,19.2,4.0,130,34,15.6,4.0,6.4,0.3,(X),(X),832,49,832,(X),0,12,0.0,3.8,19,16,2.3,1.9,146,39,17.5,4.4,397,45,47.7,5.3,228,42,27.4,4.7,42,17,5.0,2.0,763,56,763,(X),710,55,93.1,2.8,53,22,6.9,2.8,2.83,0.16,(X),(X),3.23,0.82,(X),(X),763,56,763,(X),0,12,0.0,4.2,77,26,10.1,3.3,203,35,26.6,4.4,163,35,21.4,4.2,171,38,22.4,4.6,149,40,19.5,4.8,763,56,763,(X),22,12,2.9,1.5,152,34,19.9,4.3,366,51,48.0,4.9,223,38,29.2,4.6,763,56,763,(X),3,5,0.4,0.7,27,14,3.5,1.8,13,11,1.7,1.4,589,50,77.2,4.8,0,12,0.0,4.2,117,28,15.3,3.3,0,12,0.0,4.2,9,9,1.2,1.2,5,9,0.7,1.1,763,56,763,(X),2,4,0.3,0.5,2,4,0.3,0.5,2,4,0.3,0.5,763,56,763,(X),751,54,98.4,1.1,12,8,1.6,1.1,0,12,0.0,4.2,710,55,710,(X),14,8,2.0,1.0,2,4,0.3,0.5,30,16,4.2,2.2,110,34,15.5,4.6,299,41,42.1,5.2,223,43,31.4,5.5,27,17,3.8,2.3,5,6,0.7,0.9,271600,9694,(X),(X),710,55,710,(X),453,52,63.8,5.2,257,41,36.2,5.2,453,52,453,(X),4,5,0.9,1.2,19,12,4.2,2.5,103,32,22.7,6.2,147,42,32.5,7.5,132,37,29.1,7.8,25,15,5.5,3.4,23,14,5.1,3.1,1868,100,(X),(X),257,41,257,(X),2,3,0.8,1.1,22,15,8.6,5.7,74,28,28.8,8.8,51,23,19.8,8.1,69,20,26.8,7.5,39,22,15.2,7.7,692,92,(X),(X),453,52,453,(X),180,32,39.7,6.5,101,26,22.3,5.7,46,25,10.2,5.0,28,20,6.2,4.2,98,33,21.6,6.5,0,12,(X),(X),246,42,246,(X),120,31,48.8,9.6,30,12,12.2,5.0,21,11,8.5,4.2,24,17,9.8,6.1,19,14,7.7,5.6,0,12,0.0,12.4,32,14,13.0,5.2,11,14,(X),(X),39,21,39,(X),0,12,0.0,47.5,18,17,46.2,26.3,13,10,33.3,23.1,3,4,7.7,11.4,0,12,0.0,47.5,5,6,12.8,13.9,0,12,0.0,47.5,1125,557,(X),(X),14,9,(X),(X),39,21,39,(X),7,7,17.9,16.5,6,6,15.4,17.9,15,17,38.5,31.2,0,12,0.0,47.5,6,7,15.4,18.5,5,5,12.8,12.4,14,9,(X),(X)
0600000US0900344700,0900344700,"Manchester town, Hartford County, Connecticut",25456,588,25456,(X),24141,528,94.8,1.1,1315,295,5.2,1.1,1.7,0.9,(X),(X),3.2,1.6,(X),(X),25456,588,25456,(X),11735,477,46.1,1.6,2119,222,8.3,0.8,2578,365,10.1,1.4,2054,310,8.1,1.2,1923,299,7.6,1.1,2162,385,8.5,1.5,2859,361,11.2,1.4,26,32,0.1,0.1,0,28,0.0,0.1,25456,588,25456,(X),0,28,0.0,0.1,108,75,0.4,0.3,1898,293,7.5,1.1,1752,285,6.9,1.1,3116,367,12.2,1.4,3237,352,12.7,1.4,3156,338,12.4,1.3,3823,302,15.0,1.1,3193,323,12.5,1.3,5173,388,20.3,1.4,25456,588,25456,(X),346,171,1.4,0.7,601,169,2.4,0.7,2776,359,10.9,1.3,4986,423,19.6,1.6,5056,513,19.9,2.0,4842,365,19.0,1.4,3129,290,12.3,1.1,1941,243,7.6,1.0,1779,225,7.0,0.9,5.3,0.1,(X),(X),25456,588,25456,(X),386,170,1.5,0.7,3429,400,13.5,1.4,9011,511,35.4,1.8,9121,429,35.8,1.8,2923,296,11.5,1.1,586,162,2.3,0.6,24141,528,24141,(X),13448,500,55.7,1.6,10693,454,44.3,1.6,2.42,0.06,(X),(X),2.32,0.10,(X),(X),24141,528,24141,(X),508,219,2.1,0.9,8080,519,33.5,2.1,8386,573,34.7,2.1,3464,348,14.3,1.4,1617,202,6.7,0.8,2086,206,8.6,0.9,24141,528,24141,(X),2233,354,9.2,1.4,9267,558,38.4,2.1,9234,517,38.3,2.0,3407,315,14.1,1.4,24141,528,24141,(X),12289,560,50.9,1.9,628,164,2.6,0.7,3478,386,14.4,1.6,7175,490,29.7,2.0,160,106,0.7,0.4,190,84,0.8,0.3,0,28,0.0,0.1,211,87,0.9,0.4,10,16,0.0,0.1,24141,528,24141,(X),86,106,0.4,0.4,194,86,0.8,0.4,372,136,1.5,0.6,24141,528,24141,(X),23592,624,97.7,0.7,416,176,1.7,0.7,133,84,0.6,0.3,13448,500,13448,(X),326,93,2.4,0.7,646,167,4.8,1.2,2250,281,16.7,1.9,4457,342,33.1,2.2,3612,307,26.9,2.1,1899,217,14.1,1.6,182,62,1.4,0.5,76,46,0.6,0.3,187800,3291,(X),(X),13448,500,13448,(X),9612,490,71.5,2.0,3836,287,28.5,2.0,9612,490,9612,(X),32,25,0.3,0.3,670,140,7.0,1.4,2478,293,25.8,2.6,3186,353,33.1,3.1,1950,243,20.3,2.4,776,157,8.1,1.6,520,127,5.4,1.3,1735,42,(X),(X),3836,287,3836,(X),79,48,2.1,1.3,87,53,2.3,1.3,581,125,15.1,3.1,1414,199,36.9,4.0,932,165,24.3,4.2,743,137,19.4,3.3,769,19,(X),(X),9589,494,9589,(X),3048,312,31.8,2.8,1738,223,18.1,2.2,1499,233,15.6,2.4,788,150,8.2,1.5,2516,342,26.2,3.1,23,25,(X),(X),3811,290,3811,(X),943,164,24.7,4.0,904,145,23.7,3.5,592,126,15.5,3.1,300,85,7.9,2.2,297,90,7.8,2.3,143,56,3.8,1.4,632,141,16.6,3.3,25,38,(X),(X),10434,458,10434,(X),740,184,7.1,1.7,2830,332,27.1,2.8,5184,410,49.7,3.2,1411,325,13.5,3.1,133,76,1.3,0.7,62,60,0.6,0.6,74,57,0.7,0.5,1143,26,(X),(X),259,95,(X),(X),10228,496,10228,(X),1218,253,11.9,2.5,1745,311,17.1,3.0,1641,335,16.0,3.1,1056,234,10.3,2.3,822,211,8.0,2.1,3746,468,36.6,4.0,465,173,(X),(X)
0600000US0900345820,0900345820,"Marlborough town, Hartford County, Connecticut",2289,144,2289,(X),2289,144,100.0,1.4,0,17,0.0,1.4,0.0,1.5,(X),(X),0.0,15.2,(X),(X),2289,144,2289,(X),2052,129,89.6,4.3,80,51,3.5,2.2,0,17,0.0,1.4,84,74,3.7,3.2,0,17,0.0,1.4,0,17,0.0,1.4,39,61,1.7,2.7,34,27,1.5,1.2,0,17,0.0,1.4,2289,144,2289,(X),0,17,0.0,1.4,0,17,0.0,1.4,305,108,13.3,4.7,329,143,14.4,6.4,456,133,19.9,5.5,555,130,24.2,5.4,296,123,12.9,5.2,253,114,11.1,5.0,40,48,1.7,2.1,55,52,2.4,2.3,2289,144,2289,(X),0,17,0.0,1.4,0,17,0.0,1.4,52,65,2.3,2.8,154,80,6.7,3.4,246,94,10.7,3.9,453,144,19.8,6.0,537,161,23.5,7.4,390,121,17.0,5.2,457,114,20.0,4.8,6.9,0.3,(X),(X),2289,144,2289,(X),0,17,0.0,1.4,85,79,3.7,3.4,278,98,12.1,4.2,1255,169,54.8,7.0,635,146,27.7,6.1,36,44,1.6,1.9,2289,144,2289,(X),2093,137,91.4,4.2,196,100,8.6,4.2,2.79,0.16,(X),(X),2.52,0.76,(X),(X),2289,144,2289,(X),39,61,1.7,2.7,275,91,12.0,3.9,771,167,33.7,7.0,612,143,26.7,6.5,319,121,13.9,5.0,273,90,11.9,3.9,2289,144,2289,(X),29,31,1.3,1.3,228,103,10.0,4.3,1350,187,59.0,7.1,682,150,29.8,6.8,2289,144,2289,(X),86,67,3.8,2.9,199,88,8.7,3.8,313,127,13.7,5.2,1456,143,63.6,6.8,73,59,3.2,2.6,149,92,6.5,3.8,0,17,0.0,1.4,13,22,0.6,1.0,0,17,0.0,1.4,2289,144,2289,(X),0,17,0.0,1.4,0,17,0.0,1.4,44,39,1.9,1.7,2289,144,2289,(X),2289,144,100.0,1.4,0,17,0.0,1.4,0,17,0.0,1.4,2093,137,2093,(X),91,66,4.3,3.1,19,30,0.9,1.4,8,14,0.4,0.7,51,42,2.4,2.0,909,211,43.4,8.9,738,172,35.3,8.6,263,96,12.6,4.5,14,23,0.7,1.1,295800,26331,(X),(X),2093,137,2093,(X),1504,148,71.9,6.7,589,155,28.1,6.7,1504,148,1504,(X),24,39,1.6,2.6,34,37,2.3,2.4,118,76,7.8,4.9,354,127,23.5,8.0,421,136,28.0,8.5,263,93,17.5,6.1,290,103,19.3,6.6,2264,128,(X),(X),589,155,589,(X),0,17,0.0,5.4,0,17,0.0,5.4,25,28,4.2,4.8,238,110,40.4,15.4,228,103,38.7,13.3,98,66,16.6,10.7,840,99,(X),(X),1504,148,1504,(X),586,154,39.0,9.3,297,117,19.7,7.7,242,123,16.1,8.2,134,71,8.9,4.6,245,105,16.3,6.6,0,17,(X),(X),589,155,589,(X),140,74,23.8,11.2,210,99,35.7,14.7,73,53,12.4,8.4,27,32,4.6,5.3,15,25,2.5,4.2,91,84,15.4,13.3,33,37,5.6,5.9,0,17,(X),(X),170,98,170,(X),39,61,22.9,32.4,9,15,5.3,10.3,86,73,50.6,33.0,36,38,21.2,21.8,0,17,0.0,17.3,0,17,0.0,17.3,0,17,0.0,17.3,1132,260,(X),(X),26,30,(X),(X),170,98,170,(X),9,15,5.3,10.3,0,17,0.0,17.3,0,17,0.0,17.3,55,69,32.4,34.5,39,61,22.9,32.4,67,50,39.4,30.1,26,30,(X),(X)
0600000US0900350440,0900350440,"New Britain town, Hartford County, Connecticut",31670,703,31670,(X),27858,641,88.0,1.1,3812,382,12.0,1.1,2.7,1.0,(X),(X),9.2,1.4,(X),(X),31670,703,31670,(X),9061,478,28.6,1.3,918,150,2.9,0.5,5971,536,18.9,1.6,6655,497,21.0,1.5,3384,355,10.7,1.1,1536,227,4.9,0.7,4116,355,13.0,1.1,25,27,0.1,0.1,4,8,0.0,0.1,31670,703,31670,(X),33,45,0.1,0.1,125,65,0.4,0.2,506,148,1.6,0.5,803,181,2.5,0.6,3012,335,9.5,1.0,2820,371,8.9,1.1,3964,425,12.5,1.3,6209,489,19.6,1.6,4396,407,13.9,1.2,9802,569,31.0,1.6,31670,703,31670,(X),746,153,2.4,0.5,821,166,2.6,0.5,3830,356,12.1,1.1,6920,544,21.9,1.6,10934,521,34.5,1.6,5000,433,15.8,1.3,1465,222,4.6,0.7,914,156,2.9,0.5,1040,175,3.3,0.5,4.8,0.1,(X),(X),31670,703,31670,(X),772,155,2.4,0.5,5157,431,16.3,1.3,11298,561,35.7,1.6,11363,516,35.9,1.6,2467,317,7.8,1.0,613,155,1.9,0.5,27858,641,27858,(X),11224,541,40.3,1.7,16634,587,59.7,1.7,2.59,0.09,(X),(X),2.46,0.07,(X),(X),27858,641,27858,(X),419,163,1.5,0.6,9950,612,35.7,2.0,10121,588,36.3,2.1,2843,271,10.2,1.0,1982,239,7.1,0.8,2543,274,9.1,0.9,27858,641,27858,(X),4993,400,17.9,1.3,11212,605,40.2,1.8,8578,550,30.8,1.9,3075,309,11.0,1.2,27858,641,27858,(X),17556,574,63.0,1.8,485,135,1.7,0.5,4729,385,17.0,1.3,4885,423,17.5,1.3,0,28,0.0,0.1,75,44,0.3,0.2,0,28,0.0,0.1,46,44,0.2,0.2,82,66,0.3,0.2,27858,641,27858,(X),151,69,0.5,0.2,322,102,1.2,0.4,735,148,2.6,0.5,27858,641,27858,(X),26900,715,96.6,0.7,770,181,2.8,0.7,188,77,0.7,0.3,11224,541,11224,(X),378,107,3.4,0.9,1040,188,9.3,1.5,3205,387,28.6,3.1,3900,403,34.7,3.4,2258,281,20.1,2.4,360,103,3.2,0.9,67,39,0.6,0.4,16,18,0.1,0.2,159900,2846,(X),(X),11224,541,11224,(X),7326,471,65.3,2.7,3898,358,34.7,2.7,7326,471,7326,(X),109,55,1.5,0.8,693,169,9.5,2.2,2076,288,28.3,3.3,2573,282,35.1,3.2,1322,199,18.0,2.6,427,141,5.8,1.9,126,65,1.7,0.9,1634,41,(X),(X),3898,358,3898,(X),72,43,1.8,1.1,131,63,3.4,1.6,1040,186,26.7,4.1,1461,217,37.5,4.0,796,161,20.4,3.7,398,88,10.2,2.2,690,22,(X),(X),7181,463,7181,(X),2166,237,30.2,3.1,975,177,13.6,2.2,877,163,12.2,2.1,718,177,10.0,2.4,2445,296,34.0,3.1,145,93,(X),(X),3838,360,3838,(X),886,173,23.1,3.8,772,140,20.1,3.3,428,105,11.2,2.7,296,97,7.7,2.5,373,104,9.7,2.6,183,77,4.8,2.1,900,205,23.4,4.2,60,33,(X),(X),16172,566,16172,(X),2310,291,14.3,1.7,8128,562,50.3,2.7,5243,393,32.4,2.5,442,129,2.7,0.8,5,10,0.0,0.1,19,19,0.1,0.1,25,23,0.2,0.1,892,18,(X),(X),462,137,(X),(X),15630,570,15630,(X),1596,240,10.2,1.5,2114,329,13.5,2.0,1862,307,11.9,1.9,2132,307,13.6,1.9,1304,197,8.3,1.3,6622,523,42.4,2.8,1004,221,(X),(X)
0600000US0900352140,0900352140,"Newington town, Hartford County, Connecticut",12990,299,12990,(X),12649,278,97.4,1.1,341,140,2.6,1.1,0.5,0.6,(X),(X),3.0,2.8,(X),(X),12990,299,12990,(X),8264,340,63.6,2.0,1435,174,11.0,1.4,436,130,3.4,1.0,600,151,4.6,1.2,959,209,7.4,1.6,797,145,6.1,1.1,472,112,3.6,0.9,27,34,0.2,0.3,0,25,0.0,0.2,12990,299,12990,(X),0,25,0.0,0.2,59,44,0.5,0.3,732,160,5.6,1.2,865,169,6.7,1.3,1555,207,12.0,1.6,2708,266,20.8,1.9,2266,226,17.4,1.8,2689,236,20.7,1.7,923,171,7.1,1.3,1193,171,9.2,1.3,12990,299,12990,(X),116,87,0.9,0.7,135,76,1.0,0.6,686,155,5.3,1.2,2029,239,15.6,1.8,2842,298,21.9,2.3,2966,266,22.8,1.9,1917,217,14.8,1.6,1336,191,10.3,1.4,963,180,7.4,1.4,5.7,0.2,(X),(X),12990,299,12990,(X),134,88,1.0,0.7,975,177,7.5,1.4,4257,263,32.8,1.9,5577,304,42.9,2.0,1912,202,14.7,1.5,135,49,1.0,0.4,12649,278,12649,(X),10132,350,80.1,2.1,2517,263,19.9,2.1,2.47,0.06,(X),(X),2.02,0.15,(X),(X),12649,278,12649,(X),76,44,0.6,0.4,2734,295,21.6,2.3,4528,344,35.8,2.6,2073,206,16.4,1.6,1393,189,11.0,1.5,1845,158,14.6,1.2,12649,278,12649,(X),537,135,4.2,1.1,4542,332,35.9,2.2,5290,331,41.8,2.6,2280,215,18.0,1.8,12649,278,12649,(X),6841,334,54.1,2.4,219,74,1.7,0.6,1373,215,10.9,1.7,3949,280,31.2,2.0,17,19,0.1,0.2,111,71,0.9,0.6,0,25,0.0,0.3,90,44,0.7,0.3,49,66,0.4,0.5,12649,278,12649,(X),17,28,0.1,0.2,40,26,0.3,0.2,165,69,1.3,0.6,12649,278,12649,(X),12434,326,98.3,0.9,135,74,1.1,0.6,80,74,0.6,0.6,10132,350,10132,(X),249,69,2.5,0.7,177,73,1.7,0.7,1044,171,10.3,1.6,1963,242,19.4,2.3,4892,323,48.3,2.5,1699,195,16.8,1.8,85,49,0.8,0.5,23,24,0.2,0.2,228600,3735,(X),(X),10132,350,10132,(X),6680,330,65.9,2.5,3452,288,34.1,2.5,6680,330,6680,(X),68,48,1.0,0.7,387,108,5.8,1.6,1574,239,23.6,3.2,1948,259,29.2,3.6,1683,191,25.2,3.0,602,155,9.0,2.2,418,95,6.3,1.4,1836,51,(X),(X),3452,288,3452,(X),56,35,1.6,1.0,80,43,2.3,1.2,580,131,16.8,3.5,1344,198,38.9,4.2,1037,174,30.0,4.3,355,89,10.3,2.7,750,20,(X),(X),6680,330,6680,(X),2445,256,36.6,3.3,1389,210,20.8,2.9,816,167,12.2,2.4,580,116,8.7,1.8,1450,176,21.7,2.5,0,25,(X),(X),3362,293,3362,(X),909,169,27.0,4.2,728,135,21.7,3.7,438,87,13.0,2.6,285,80,8.5,2.2,225,83,6.7,2.4,183,65,5.4,1.9,594,119,17.7,3.0,90,42,(X),(X),2374,260,2374,(X),203,77,8.6,3.2,499,140,21.0,5.7,1360,206,57.3,6.6,259,128,10.9,4.9,14,16,0.6,0.7,3,21,0.1,0.9,36,28,1.5,1.2,1149,42,(X),(X),143,57,(X),(X),2346,251,2346,(X),285,90,12.1,3.4,512,137,21.8,5.2,294,124,12.5,5.1,419,151,17.9,6.2,296,100,12.6,4.1,540,130,23.0,5.4,171,69,(X),(X)
0600000US0900360120,0900360120,"Plainville town, Hartford County, Connecticut",8035,237,8035,(X),7462,233,92.9,3.4,573,280,7.1,3.4,1.3,1.7,(X),(X),7.2,4.9,(X),(X),8035,237,8035,(X),4792,324,59.6,3.3,487,118,6.1,1.4,421,138,5.2,1.7,786,200,9.8,2.5,575,180,7.2,2.2,435,156,5.4,2.0,461,143,5.7,1.8,78,56,1.0,0.7,0,19,0.0,0.4,8035,237,8035,(X),0,19,0.0,0.4,27,37,0.3,0.5,450,139,5.6,1.7,407,133,5.1,1.7,1141,219,14.2,2.6,1316,258,16.4,3.1,1156,206,14.4,2.5,1302,275,16.2,3.3,749,193,9.3,2.4,1487,247,18.5,3.1,8035,237,8035,(X),211,124,2.6,1.5,370,130,4.6,1.6,686,181,8.5,2.3,1183,191,14.7,2.3,1984,278,24.7,3.4,1734,280,21.6,3.3,893,164,11.1,2.1,582,155,7.2,1.9,392,110,4.9,1.4,5.3,0.2,(X),(X),8035,237,8035,(X),241,122,3.0,1.5,1117,215,13.9,2.7,2600,304,32.4,3.6,2998,297,37.3,3.5,989,194,12.3,2.3,90,56,1.1,0.7,7462,233,7462,(X),5068,260,67.9,3.4,2394,279,32.1,3.4,2.47,0.09,(X),(X),2.12,0.16,(X),(X),7462,233,7462,(X),0,19,0.0,0.4,1917,277,25.7,3.5,2509,315,33.6,4.1,1035,198,13.9,2.6,941,181,12.6,2.4,1060,138,14.2,1.9,7462,233,7462,(X),312,105,4.2,1.4,2841,306,38.1,3.6,2813,307,37.7,4.1,1496,224,20.0,3.0,7462,233,7462,(X),2059,249,27.6,3.5,327,116,4.4,1.5,1942,260,26.0,3.1,2940,306,39.4,3.9,16,16,0.2,0.2,146,74,2.0,1.0,0,19,0.0,0.4,32,29,0.4,0.4,0,19,0.0,0.4,7462,233,7462,(X),0,19,0.0,0.4,67,74,0.9,1.0,105,82,1.4,1.1,7462,233,7462,(X),7404,271,99.2,1.1,8,11,0.1,0.1,50,80,0.7,1.1,5068,260,5068,(X),155,85,3.1,1.7,281,95,5.5,1.8,863,175,17.0,3.4,1253,237,24.7,4.4,1867,243,36.8,4.5,573,146,11.3,2.8,30,35,0.6,0.7,46,42,0.9,0.8,199300,8571,(X),(X),5068,260,5068,(X),3312,252,65.4,3.5,1756,191,34.6,3.5,3312,252,3312,(X),0,19,0.0,1.0,273,101,8.2,3.0,1052,193,31.8,5.4,982,211,29.6,5.8,524,122,15.8,3.5,348,130,10.5,3.9,133,76,4.0,2.3,1640,74,(X),(X),1756,191,1756,(X),30,31,1.7,1.8,62,45,3.5,2.6,417,128,23.7,6.0,712,132,40.5,6.6,419,117,23.9,6.7,116,69,6.6,3.8,697,33,(X),(X),3312,252,3312,(X),1294,189,39.1,5.8,395,138,11.9,3.9,436,149,13.2,4.1,259,101,7.8,3.1,928,193,28.0,5.2,0,19,(X),(X),1756,191,1756,(X),415,113,23.6,5.8,261,96,14.9,5.4,295,96,16.8,5.2,258,89,14.7,4.8,139,70,7.9,4.0,72,50,4.1,2.8,316,109,18.0,5.6,0,19,(X),(X),2202,286,2202,(X),204,63,9.3,2.9,966,222,43.9,8.5,792,225,36.0,8.6,230,131,10.4,5.7,10,15,0.5,0.7,0,19,0.0,1.5,0,19,0.0,1.5,977,64,(X),(X),192,114,(X),(X),2202,286,2202,(X),187,80,8.5,3.6,211,91,9.6,4.3,417,157,18.9,7.1,435,172,19.8,6.8,326,140,14.8,5.9,626,190,28.4,7.8,192,114,(X),(X)
0600000US0900365370,0900365370,"Rocky Hill town, Hartford County, Connecticut",8408,317,8408,(X),7911,323,94.1,2.3,497,196,5.9,2.3,0.3,0.5,(X),(X),7.8,4.6,(X),(X),8408,317,8408,(X),4028,254,47.9,2.8,948,175,11.3,1.9,218,104,2.6,1.3,779,236,9.3,2.8,336,126,4.0,1.5,694,191,8.3,2.2,1405,246,16.7,2.9,0,22,0.0,0.4,0,22,0.0,0.4,8408,317,8408,(X),41,60,0.5,0.7,14,21,0.2,0.3,718,154,8.5,1.9,886,185,10.5,2.1,1912,296,22.7,3.4,2275,294,27.1,3.2,912,210,10.8,2.5,678,179,8.1,2.1,394,142,4.7,1.7,578,162,6.9,1.9,8408,317,8408,(X),202,133,2.4,1.6,267,111,3.2,1.3,889,208,10.6,2.4,1997,265,23.8,3.0,1455,276,17.3,3.2,886,176,10.5,2.0,1206,242,14.3,2.9,710,171,8.4,2.0,796,185,9.5,2.2,5.1,0.2,(X),(X),8408,317,8408,(X),245,136,2.9,1.6,1055,194,12.5,2.2,3449,349,41.0,3.7,2557,265,30.4,2.9,853,195,10.1,2.4,249,99,3.0,1.2,7911,323,7911,(X),5263,340,66.5,3.4,2648,296,33.5,3.4,2.52,0.11,(X),(X),2.17,0.15,(X),(X),7911,323,7911,(X),182,130,2.3,1.6,2348,330,29.7,3.9,2763,283,34.9,3.2,1072,215,13.6,2.6,810,171,10.2,2.2,736,158,9.3,1.9,7911,323,7911,(X),646,159,8.2,2.0,2913,328,36.8,3.5,3117,305,39.4,3.6,1235,186,15.6,2.5,7911,323,7911,(X),4840,343,61.2,3.4,75,61,0.9,0.8,1218,210,15.4,2.6,1611,248,20.4,3.1,0,22,0.0,0.4,27,32,0.3,0.4,0,22,0.0,0.4,98,71,1.2,0.9,42,41,0.5,0.5,7911,323,7911,(X),0,22,0.0,0.4,215,98,2.7,1.2,79,56,1.0,0.7,7911,323,7911,(X),7819,337,98.8,0.9,77,64,1.0,0.8,15,24,0.2,0.3,5263,340,5263,(X),92,65,1.7,1.2,147,80,2.8,1.5,366,126,7.0,2.3,563,173,10.7,3.1,2198,301,41.8,4.6,1595,206,30.3,4.0,302,116,5.7,2.2,0,22,0.0,0.6,260200,11548,(X),(X),5263,340,5263,(X),3643,324,69.2,4.1,1620,233,30.8,4.1,3643,324,3643,(X),28,31,0.8,0.9,206,92,5.7,2.5,931,199,25.6,5.0,745,194,20.5,5.1,833,211,22.9,5.2,585,158,16.1,4.2,315,134,8.6,3.6,1927,177,(X),(X),1620,233,1620,(X),20,24,1.2,1.5,15,24,0.9,1.5,195,91,12.0,5.2,521,127,32.2,7.0,534,141,33.0,7.0,335,106,20.7,5.9,820,42,(X),(X),3643,324,3643,(X),1351,226,37.1,5.9,751,152,20.6,3.8,274,105,7.5,2.9,398,139,10.9,3.7,869,205,23.9,4.7,0,22,(X),(X),1610,227,1610,(X),579,139,36.0,6.7,369,117,22.9,6.4,158,70,9.8,4.4,193,86,12.0,4.9,52,41,3.2,2.5,36,35,2.2,2.2,223,110,13.9,6.4,10,16,(X),(X),2591,300,2591,(X),89,79,3.4,3.0,232,111,9.0,4.2,1685,271,65.0,7.4,472,168,18.2,6.3,72,52,2.8,1.9,13,22,0.5,0.8,28,32,1.1,1.3,1297,51,(X),(X),57,57,(X),(X),2558,303,2558,(X),471,159,18.4,5.2,501,154,19.6,5.8,319,137,12.5,5.1,327,122,12.8,4.7,146,125,5.7,4.8,794,186,31.0,6.4,90,72,(X),(X)
0600000US0900368940,0900368940,"Simsbury town, Hartford County, Connecticut",9248,220,9248,(X),8805,215,95.2,1.4,443,128,4.8,1.4,0.4,0.6,(X),(X),2.2,2.7,(X),(X),9248,220,9248,(X),7428,239,80.3,1.7,492,113,5.3,1.2,210,80,2.3,0.9,243,58,2.6,0.6,319,94,3.4,1.0,266,105,2.9,1.1,290,90,3.1,1.0,0,22,0.0,0.4,0,22,0.0,0.4,9248,220,9248,(X),0,22,0.0,0.4,14,22,0.2,0.2,386,103,4.2,1.1,612,113,6.6,1.2,1443,171,15.6,1.9,1909,243,20.6,2.5,2103,200,22.7,2.1,1576,164,17.0,1.8,369,127,4.0,1.4,836,145,9.0,1.5,9248,220,9248,(X),154,74,1.7,0.8,74,40,0.8,0.4,495,128,5.4,1.4,764,131,8.3,1.4,722,129,7.8,1.4,1198,168,13.0,1.8,1443,190,15.6,2.0,1890,180,20.4,1.9,2508,177,27.1,1.9,7.3,0.2,(X),(X),9248,220,9248,(X),173,75,1.9,0.8,481,105,5.2,1.1,1611,171,17.4,1.7,2535,202,27.4,2.1,3686,236,39.9,2.5,762,135,8.2,1.5,8805,215,8805,(X),7519,257,85.4,2.1,1286,186,14.6,2.1,2.75,0.06,(X),(X),2.12,0.16,(X),(X),8805,215,8805,(X),85,54,1.0,0.6,1696,175,19.3,1.9,3241,222,36.8,2.5,1795,205,20.4,2.2,858,115,9.7,1.3,1130,148,12.8,1.6,8805,215,8805,(X),374,116,4.2,1.3,1977,191,22.5,2.0,4178,287,47.5,3.1,2276,230,25.8,2.6,8805,215,8805,(X),1644,177,18.7,2.0,314,95,3.6,1.1,1148,128,13.0,1.4,5576,275,63.3,2.6,8,12,0.1,0.1,64,36,0.7,0.4,0,22,0.0,0.4,42,28,0.5,0.3,9,14,0.1,0.2,8805,215,8805,(X),29,31,0.3,0.4,42,35,0.5,0.4,109,45,1.2,0.5,8805,215,8805,(X),8720,228,99.0,0.6,32,28,0.4,0.3,53,47,0.6,0.5,7519,257,7519,(X),106,46,1.4,0.6,58,32,0.8,0.4,295,89,3.9,1.2,480,81,6.4,1.1,2120,192,28.2,2.2,3400,188,45.2,2.3,962,118,12.8,1.6,98,47,1.3,0.6,328600,6045,(X),(X),7519,257,7519,(X),5523,251,73.5,2.6,1996,212,26.5,2.6,5523,251,5523,(X),0,22,0.0,0.6,133,59,2.4,1.1,622,106,11.3,1.8,1002,139,18.1,2.3,1381,183,25.0,2.9,933,152,16.9,2.9,1452,160,26.3,2.6,2364,58,(X),(X),1996,212,1996,(X),18,21,0.9,1.0,51,34,2.6,1.7,87,40,4.4,2.0,345,93,17.3,4.6,573,140,28.7,5.4,922,136,46.2,5.5,970,43,(X),(X),5523,251,5523,(X),2493,198,45.1,3.2,937,152,17.0,2.6,628,123,11.4,2.2,348,99,6.3,1.7,1117,170,20.2,2.8,0,22,(X),(X),1987,210,1987,(X),685,121,34.5,4.7,354,83,17.8,4.3,237,68,11.9,3.1,162,65,8.2,3.2,198,81,10.0,3.8,93,44,4.7,2.2,258,80,13.0,3.7,9,14,(X),(X),1249,186,1249,(X),91,24,7.3,1.8,327,110,26.2,7.7,495,119,39.6,8.1,125,52,10.0,4.1,42,28,3.4,2.2,101,65,8.1,5.0,68,61,5.4,4.7,1148,65,(X),(X),37,44,(X),(X),1236,185,1236,(X),135,69,10.9,5.4,241,100,19.5,7.4,218,88,17.6,6.1,136,66,11.0,5.0,74,35,6.0,2.8,432,111,35.0,8.3,50,48,(X),(X)
0600000US0900370550,0900370550,"Southington town, Hartford County, Connecticut",18037,389,18037,(X),17082,344,94.7,1.2,955,234,5.3,1.2,1.5,0.9,(X),(X),4.4,3.3,(X),(X),18037,389,18037,(X),12779,445,70.8,2.0,1324,175,7.3,1.0,1064,209,5.9,1.1,559,139,3.1,0.8,907,227,5.0,1.2,440,147,2.4,0.8,511,144,2.8,0.8,453,132,2.5,0.7,0,25,0.0,0.2,18037,389,18037,(X),14,20,0.1,0.1,142,59,0.8,0.3,2176,300,12.1,1.7,1688,255,9.4,1.4,2551,265,14.1,1.4,3172,259,17.6,1.5,2938,288,16.3,1.5,2683,297,14.9,1.6,732,179,4.1,1.0,1941,251,10.8,1.4,18037,389,18037,(X),164,99,0.9,0.5,116,64,0.6,0.4,658,169,3.6,0.9,2610,335,14.5,1.8,3618,398,20.1,2.2,3752,352,20.8,1.9,3207,270,17.8,1.5,1997,272,11.1,1.5,1915,239,10.6,1.3,6.0,0.1,(X),(X),18037,389,18037,(X),164,99,0.9,0.5,1131,227,6.3,1.2,4458,392,24.7,2.1,8517,454,47.2,2.4,3306,302,18.3,1.7,461,112,2.6,0.6,17082,344,17082,(X),14257,409,83.5,1.8,2825,313,16.5,1.8,2.64,0.06,(X),(X),1.97,0.15,(X),(X),17082,344,17082,(X),52,40,0.3,0.2,3148,350,18.4,1.9,6831,397,40.0,2.2,2934,264,17.2,1.7,1795,234,10.5,1.4,2322,249,13.6,1.4,17082,344,17082,(X),587,161,3.4,0.9,4680,400,27.4,2.1,7754,393,45.4,2.2,4061,297,23.8,1.9,17082,344,17082,(X),7915,352,46.3,2.0,889,177,5.2,1.0,1459,262,8.5,1.5,6468,410,37.9,2.2,15,23,0.1,0.1,208,88,1.2,0.5,0,25,0.0,0.2,128,80,0.7,0.5,0,25,0.0,0.2,17082,344,17082,(X),65,74,0.4,0.4,112,92,0.7,0.5,152,56,0.9,0.3,17082,344,17082,(X),16991,359,99.5,0.3,81,43,0.5,0.3,10,16,0.1,0.1,14257,409,14257,(X),491,137,3.4,1.0,284,111,2.0,0.8,872,167,6.1,1.2,1894,241,13.3,1.6,5037,377,35.3,2.2,4713,318,33.1,2.2,910,188,6.4,1.3,56,44,0.4,0.3,270300,6161,(X),(X),14257,409,14257,(X),9868,429,69.2,2.3,4389,360,30.8,2.3,9868,429,9868,(X),32,32,0.3,0.3,516,131,5.2,1.3,1723,263,17.5,2.5,2912,322,29.5,2.9,2300,314,23.3,3.0,1346,212,13.6,2.1,1039,202,10.5,2.1,1958,50,(X),(X),4389,360,4389,(X),9,13,0.2,0.3,191,86,4.4,2.0,856,172,19.5,3.4,1613,229,36.8,4.0,986,164,22.5,3.3,734,140,16.7,3.0,746,18,(X),(X),9822,437,9822,(X),3990,323,40.6,2.7,2029,264,20.7,2.8,1209,245,12.3,2.3,732,166,7.5,1.8,1862,292,19.0,2.7,46,50,(X),(X),4324,363,4324,(X),1136,215,26.3,4.0,950,163,22.0,3.6,573,129,13.3,3.0,345,91,8.0,2.1,351,91,8.1,1.9,266,89,6.2,1.9,703,144,16.3,3.0,65,35,(X),(X),2653,310,2653,(X),386,147,14.5,5.2,836,222,31.5,7.1,1074,206,40.5,6.2,287,102,10.8,3.8,50,53,1.9,2.0,7,11,0.3,0.4,13,19,0.5,0.7,1038,55,(X),(X),172,79,(X),(X),2603,304,2603,(X),520,143,20.0,4.9,386,157,14.8,5.6,415,155,15.9,5.4,230,104,8.8,3.7,244,104,9.4,4.0,808,166,31.0,5.8,222,102,(X),(X)
0600000US0900371390,0900371390,"South Windsor town, Hartford County, Connecticut",10143,313,10143,(X),9602,301,94.7,1.7,541,179,5.3,1.7,1.1,0.8,(X),(X),0.8,1.4,(X),(X),10143,313,10143,(X),7408,313,73.0,2.0,886,163,8.7,1.6,149,74,1.5,0.7,212,92,2.1,0.9,507,173,5.0,1.7,476,150,4.7,1.4,372,142,3.7,1.4,133,54,1.3,0.5,0,22,0.0,0.3,10143,313,10143,(X),0,22,0.0,0.3,139,90,1.4,0.9,869,145,8.6,1.4,1293,223,12.7,2.2,2527,221,24.9,2.1,1399,207,13.8,1.9,1420,194,14.0,1.8,1484,178,14.6,1.7,283,125,2.8,1.2,729,147,7.2,1.4,10143,313,10143,(X),25,28,0.2,0.3,239,108,2.4,1.1,325,108,3.2,1.1,1300,210,12.8,2.0,1334,241,13.2,2.3,1664,218,16.4,2.1,1898,242,18.7,2.3,1521,223,15.0,2.3,1837,201,18.1,1.9,6.6,0.2,(X),(X),10143,313,10143,(X),39,32,0.4,0.3,578,151,5.7,1.5,2266,233,22.3,2.2,4132,310,40.7,2.5,2426,222,23.9,2.2,702,152,6.9,1.5,9602,301,9602,(X),8339,314,86.8,1.9,1263,185,13.2,1.9,2.82,0.09,(X),(X),1.73,0.22,(X),(X),9602,301,9602,(X),82,74,0.9,0.8,1825,215,19.0,2.3,3244,296,33.8,2.8,2026,290,21.1,3.0,1177,188,12.3,1.9,1248,165,13.0,1.6,9602,301,9602,(X),509,117,5.3,1.2,2406,324,25.1,2.9,4197,291,43.7,3.0,2490,209,25.9,2.4,9602,301,9602,(X),4511,263,47.0,2.5,229,75,2.4,0.8,1192,195,12.4,2.0,3454,273,36.0,2.4,25,40,0.3,0.4,106,74,1.1,0.8,0,22,0.0,0.3,62,52,0.6,0.5,23,26,0.2,0.3,9602,301,9602,(X),14,23,0.1,0.2,61,54,0.6,0.6,44,39,0.5,0.4,9602,301,9602,(X),9546,303,99.4,0.5,56,45,0.6,0.5,0,22,0.0,0.3,8339,314,8339,(X),247,83,3.0,1.0,189,98,2.3,1.2,638,172,7.7,2.0,801,141,9.6,1.6,3033,314,36.4,3.3,2903,236,34.8,2.9,491,119,5.9,1.5,37,38,0.4,0.5,276300,6741,(X),(X),8339,314,8339,(X),5838,306,70.0,2.5,2501,227,30.0,2.5,5838,306,5838,(X),18,28,0.3,0.5,293,115,5.0,1.9,829,186,14.2,2.9,1526,210,26.1,3.3,1362,230,23.3,3.8,815,182,14.0,3.0,995,148,17.0,2.6,2093,65,(X),(X),2501,227,2501,(X),16,18,0.6,0.7,35,24,1.4,1.0,249,82,10.0,3.1,633,132,25.3,4.8,770,161,30.8,5.4,798,133,31.9,5.0,875,29,(X),(X),5803,308,5803,(X),2331,233,40.2,3.8,1071,187,18.5,3.0,758,188,13.1,3.0,594,156,10.2,2.6,1049,183,18.1,3.1,35,28,(X),(X),2492,227,2492,(X),909,163,36.5,4.8,561,132,22.5,5.1,310,126,12.4,4.8,152,58,6.1,2.4,135,59,5.4,2.4,61,44,2.4,1.7,364,100,14.6,4.0,9,10,(X),(X),1132,163,1132,(X),48,27,4.2,2.4,325,112,28.7,8.6,525,115,46.4,8.4,188,87,16.6,7.1,28,31,2.5,2.8,18,29,1.6,2.6,0,22,0.0,2.8,1133,56,(X),(X),131,71,(X),(X),1123,164,1123,(X),165,94,14.7,8.0,133,83,11.8,7.0,136,61,12.1,5.3,80,53,7.1,4.9,82,65,7.3,5.6,527,134,46.9,10.0,140,70,(X),(X)
0600000US0900374540,0900374540,"Suffield town, Hartford County, Connecticut",4977,248,4977,(X),4670,220,93.8,2.6,307,136,6.2,2.6,1.4,1.4,(X),(X),0.0,5.0,(X),(X),4977,248,4977,(X),4172,243,83.8,2.7,381,110,7.7,2.2,90,51,1.8,1.0,66,51,1.3,1.0,125,101,2.5,2.0,31,35,0.6,0.7,112,55,2.3,1.1,0,19,0.0,0.6,0,19,0.0,0.6,4977,248,4977,(X),7,11,0.1,0.2,74,46,1.5,0.9,722,139,14.5,2.7,477,115,9.6,2.3,975,151,19.6,2.9,578,144,11.6,2.9,601,158,12.1,3.0,685,127,13.8,2.4,209,91,4.2,1.8,649,129,13.0,2.5,4977,248,4977,(X),8,12,0.2,0.2,31,34,0.6,0.7,87,56,1.7,1.1,282,115,5.7,2.3,820,168,16.5,3.4,982,212,19.7,3.9,1123,210,22.6,4.1,794,154,16.0,2.9,850,138,17.1,2.6,6.7,0.3,(X),(X),4977,248,4977,(X),8,12,0.2,0.2,236,90,4.7,1.8,1110,178,22.3,3.4,2135,253,42.9,4.6,1256,156,25.2,2.9,232,71,4.7,1.4,4670,220,4670,(X),4031,248,86.3,2.7,639,122,13.7,2.7,2.76,0.11,(X),(X),2.60,0.54,(X),(X),4670,220,4670,(X),51,48,1.1,1.0,787,165,16.9,3.4,1766,205,37.8,4.2,881,165,18.9,3.4,656,124,14.0,2.5,529,120,11.3,2.4,4670,220,4670,(X),124,56,2.7,1.2,939,176,20.1,3.3,2031,221,43.5,4.1,1576,182,33.7,4.2,4670,220,4670,(X),630,128,13.5,2.6,362,95,7.8,2.0,485,127,10.4,2.7,2938,232,62.9,4.1,0,19,0.0,0.7,165,64,3.5,1.3,0,19,0.0,0.7,65,32,1.4,0.7,25,29,0.5,0.6,4670,220,4670,(X),21,19,0.4,0.4,15,16,0.3,0.3,22,27,0.5,0.6,4670,220,4670,(X),4591,251,98.3,1.4,79,66,1.7,1.4,0,19,0.0,0.7,4031,248,4031,(X),67,48,1.7,1.2,58,44,1.4,1.1,271,99,6.7,2.4,255,104,6.3,2.5,1349,233,33.5,5.1,1556,198,38.6,4.5,435,104,10.8,2.6,40,28,1.0,0.7,301600,18272,(X),(X),4031,248,4031,(X),2944,246,73.0,4.1,1087,177,27.0,4.1,2944,246,2944,(X),0,19,0.0,1.1,90,45,3.1,1.5,398,120,13.5,3.8,804,162,27.3,4.9,617,150,21.0,4.4,465,118,15.8,4.1,570,117,19.4,4.0,2146,113,(X),(X),1087,177,1087,(X),0,19,0.0,2.9,15,18,1.4,1.7,129,62,11.9,5.5,279,98,25.7,7.4,329,100,30.3,8.2,335,98,30.8,7.3,870,46,(X),(X),2944,246,2944,(X),1218,190,41.4,5.6,436,127,14.8,4.2,444,149,15.1,4.9,256,95,8.7,3.2,590,133,20.0,4.0,0,19,(X),(X),1079,177,1079,(X),403,98,37.3,8.0,235,77,21.8,6.3,113,52,10.5,4.3,76,48,7.0,4.4,78,51,7.2,4.4,41,33,3.8,3.0,133,69,12.3,5.5,8,14,(X),(X),545,114,545,(X),14,22,2.6,4.1,136,69,25.0,12.0,265,109,48.6,16.5,77,48,14.1,8.9,53,67,9.7,12.1,0,19,0.0,5.8,0,19,0.0,5.8,1219,136,(X),(X),94,51,(X),(X),545,114,545,(X),25,23,4.6,4.4,68,45,12.5,8.8,44,48,8.1,8.4,55,41,10.1,7.2,115,88,21.1,14.1,238,90,43.7,14.6,94,51,(X),(X)
0600000US0900382590,0900382590,"West Hartford town, Hartford County, Connecticut",26262,436,26262,(X),24935,430,94.9,1.0,1327,258,5.1,1.0,1.1,0.5,(X),(X),6.5,2.5,(X),(X),26262,436,26262,(X),17480,444,66.6,1.4,794,144,3.0,0.5,1349,237,5.1,0.9,1475,259,5.6,1.0,926,208,3.5,0.8,845,204,3.2,0.8,3318,267,12.6,1.1,49,50,0.2,0.2,26,22,0.1,0.1,26262,436,26262,(X),0,28,0.0,0.1,31,29,0.1,0.1,1065,169,4.1,0.7,666,129,2.5,0.5,1195,185,4.6,0.7,2027,256,7.7,1.0,3654,312,13.9,1.2,7008,421,26.7,1.4,3603,270,13.7,1.0,7013,342,26.7,1.2,26262,436,26262,(X),361,122,1.4,0.5,593,148,2.3,0.6,2223,321,8.5,1.2,2816,347,10.7,1.3,3279,272,12.5,1.0,5070,385,19.3,1.4,4376,297,16.7,1.1,3246,283,12.4,1.0,4298,281,16.4,1.1,6.3,0.1,(X),(X),26262,436,26262,(X),388,123,1.5,0.5,2978,301,11.3,1.1,6146,375,23.4,1.4,9957,451,37.9,1.7,4909,335,18.7,1.2,1884,180,7.2,0.7,24935,430,24935,(X),17953,453,72.0,1.4,6982,382,28.0,1.4,2.63,0.05,(X),(X),2.02,0.09,(X),(X),24935,430,24935,(X),294,106,1.2,0.4,6041,364,24.2,1.4,9181,457,36.8,1.7,4488,366,18.0,1.4,2107,200,8.4,0.8,2824,227,11.3,0.9,24935,430,24935,(X),2062,256,8.3,1.0,7818,525,31.4,1.8,11092,517,44.5,2.1,3963,304,15.9,1.3,24935,430,24935,(X),13663,514,54.8,1.7,446,120,1.8,0.5,2412,283,9.7,1.1,8060,443,32.3,1.8,32,25,0.1,0.1,79,44,0.3,0.2,0,28,0.0,0.1,128,49,0.5,0.2,115,74,0.5,0.3,24935,430,24935,(X),82,61,0.3,0.2,231,92,0.9,0.4,251,79,1.0,0.3,24935,430,24935,(X),24573,447,98.5,0.5,293,108,1.2,0.4,69,56,0.3,0.2,17953,453,17953,(X),396,101,2.2,0.6,155,54,0.9,0.3,360,105,2.0,0.6,1335,160,7.4,0.9,6155,322,34.3,1.5,7039,344,39.2,1.8,2246,200,12.5,1.1,267,90,1.5,0.5,313500,6530,(X),(X),17953,453,17953,(X),12377,417,68.9,1.6,5576,333,31.1,1.6,12377,417,12377,(X),62,41,0.5,0.3,371,115,3.0,0.9,1556,194,12.6,1.5,2422,216,19.6,1.6,3037,315,24.5,2.4,1984,238,16.0,1.8,2945,236,23.8,1.9,2293,39,(X),(X),5576,333,5576,(X),93,55,1.7,1.0,181,74,3.2,1.4,402,99,7.2,1.6,1017,171,18.2,2.5,1373,161,24.6,2.5,2510,201,45.0,3.0,960,24,(X),(X),12332,413,12332,(X),5498,357,44.6,2.4,2063,232,16.7,1.9,1303,213,10.6,1.6,738,119,6.0,1.0,2730,278,22.1,2.1,45,39,(X),(X),5477,332,5477,(X),1591,179,29.0,3.0,990,134,18.1,2.3,757,127,13.8,2.2,500,108,9.1,1.8,345,79,6.3,1.4,203,58,3.7,1.1,1091,186,19.9,2.8,99,56,(X),(X),6675,366,6675,(X),483,132,7.2,2.0,1587,248,23.8,3.5,2967,313,44.4,4.3,815,150,12.2,2.1,342,147,5.1,2.1,270,112,4.0,1.7,211,78,3.2,1.2,1211,38,(X),(X),307,120,(X),(X),6517,360,6517,(X),845,171,13.0,2.5,850,187,13.0,2.8,900,191,13.8,2.8,718,187,11.0,2.8,394,126,6.0,1.9,2810,305,43.1,4.2,465,160,(X),(X)
0600000US0900384900,0900384900,"Wethersfield town, Hartford County, Connecticut",11274,306,11274,(X),10775,257,95.6,1.7,499,194,4.4,1.7,2.8,1.7,(X),(X),0.0,1.3,(X),(X),11274,306,11274,(X),8397,302,74.5,2.1,509,103,4.5,0.9,519,168,4.6,1.5,483,165,4.3,1.5,134,76,1.2,0.7,159,98,1.4,0.9,1073,199,9.5,1.7,0,22,0.0,0.3,0,22,0.0,0.3,11274,306,11274,(X),0,22,0.0,0.3,13,21,0.1,0.2,234,92,2.1,0.8,686,118,6.1,1.0,1541,199,13.7,1.8,1183,210,10.5,1.9,1882,250,16.7,2.2,2717,239,24.1,1.9,945,155,8.4,1.4,2073,229,18.4,1.8,11274,306,11274,(X),88,77,0.8,0.7,281,92,2.5,0.8,879,203,7.8,1.7,1143,207,10.1,1.8,1831,245,16.2,2.1,2118,269,18.8,2.5,2257,283,20.0,2.4,1571,194,13.9,1.8,1106,197,9.8,1.7,6.2,0.2,(X),(X),11274,306,11274,(X),96,74,0.9,0.7,1278,222,11.3,1.8,2577,267,22.9,2.2,4918,326,43.6,2.9,2101,240,18.6,2.1,304,97,2.7,0.9,10775,257,10775,(X),8369,284,77.7,2.4,2406,279,22.3,2.4,2.62,0.07,(X),(X),1.87,0.15,(X),(X),10775,257,10775,(X),69,40,0.6,0.4,1963,222,18.2,2.0,4029,324,37.4,2.8,2022,261,18.8,2.3,1026,174,9.5,1.7,1666,157,15.5,1.4,10775,257,10775,(X),904,220,8.4,2.0,3472,318,32.2,2.6,4509,292,41.8,2.8,1890,203,17.5,2.0,10775,257,10775,(X),6438,332,59.7,2.8,110,74,1.0,0.7,986,187,9.2,1.7,3089,280,28.7,2.5,0,22,0.0,0.3,34,28,0.3,0.3,0,22,0.0,0.3,62,60,0.6,0.6,56,65,0.5,0.6,10775,257,10775,(X),24,26,0.2,0.2,30,33,0.3,0.3,155,72,1.4,0.7,10775,257,10775,(X),10570,276,98.1,0.9,102,74,0.9,0.7,103,87,1.0,0.8,8369,284,8369,(X),201,85,2.4,1.0,137,81,1.6,1.0,340,117,4.1,1.4,1302,202,15.6,2.3,3863,287,46.2,3.1,2238,196,26.7,2.2,263,98,3.1,1.2,25,26,0.3,0.3,249300,5090,(X),(X),8369,284,8369,(X),5438,302,65.0,2.6,2931,232,35.0,2.6,5438,302,5438,(X),13,22,0.2,0.4,208,76,3.8,1.4,935,215,17.2,3.7,1786,234,32.8,3.7,1374,181,25.3,3.1,606,167,11.1,3.0,516,128,9.5,2.4,1934,63,(X),(X),2931,232,2931,(X),29,34,1.0,1.2,65,49,2.2,1.7,246,88,8.4,2.9,873,146,29.8,4.8,906,160,30.9,4.4,812,140,27.7,4.2,846,26,(X),(X),5438,302,5438,(X),2079,259,38.2,4.6,763,132,14.0,2.3,843,176,15.5,3.3,552,176,10.2,3.1,1201,239,22.1,4.1,0,22,(X),(X),2907,230,2907,(X),657,138,22.6,4.4,662,142,22.8,4.2,284,88,9.8,2.9,277,85,9.5,2.9,264,97,9.1,3.2,207,73,7.1,2.5,556,104,19.1,3.4,24,22,(X),(X),2227,263,2227,(X),429,125,19.3,5.2,631,127,28.3,5.2,800,192,35.9,7.6,313,138,14.1,5.7,39,51,1.8,2.2,0,22,0.0,1.4,15,22,0.7,1.0,1026,70,(X),(X),179,97,(X),(X),2164,284,2164,(X),399,174,18.4,7.3,385,129,17.8,5.7,244,92,11.3,4.3,258,133,11.9,5.8,161,68,7.4,3.0,717,195,33.1,7.8,242,114,(X),(X)
0600000US0900387000,0900387000,"Windsor town, Hartford County, Connecticut",11671,286,11671,(X),10746,257,92.1,1.9,925,231,7.9,1.9,0.9,0.6,(X),(X),14.6,5.8,(X),(X),11671,286,11671,(X),8972,242,76.9,1.7,606,109,5.2,0.9,462,118,4.0,1.0,559,135,4.8,1.2,406,141,3.5,1.2,182,77,1.6,0.7,484,143,4.1,1.2,0,22,0.0,0.3,0,22,0.0,0.3,11671,286,11671,(X),0,22,0.0,0.3,26,39,0.2,0.3,831,173,7.1,1.5,706,145,6.0,1.2,1886,256,16.2,2.1,2061,270,17.7,2.3,1272,225,10.9,1.9,2326,262,19.9,2.2,845,202,7.2,1.7,1718,174,14.7,1.5,11671,286,11671,(X),103,74,0.9,0.6,119,55,1.0,0.5,442,129,3.8,1.1,1291,225,11.1,1.9,2033,300,17.4,2.5,2210,265,18.9,2.2,2794,350,23.9,3.0,1563,201,13.4,1.7,1116,220,9.6,1.9,6.3,0.2,(X),(X),11671,286,11671,(X),113,76,1.0,0.6,751,178,6.4,1.5,2610,302,22.4,2.4,5376,297,46.1,2.4,2412,278,20.7,2.4,409,121,3.5,1.0,10746,257,10746,(X),8891,289,82.7,2.1,1855,232,17.3,2.1,2.68,0.08,(X),(X),2.55,0.27,(X),(X),10746,257,10746,(X),30,34,0.3,0.3,1882,234,17.5,2.1,3977,310,37.0,2.9,2303,280,21.4,2.4,1258,179,11.7,1.6,1296,165,12.1,1.6,10746,257,10746,(X),623,155,5.8,1.4,3056,308,28.4,2.6,4781,361,44.5,3.3,2286,257,21.3,2.5,10746,257,10746,(X),4035,273,37.5,2.4,184,60,1.7,0.6,1128,188,10.5,1.8,5140,294,47.8,2.5,38,34,0.4,0.3,130,63,1.2,0.6,10,15,0.1,0.1,13,14,0.1,0.1,68,77,0.6,0.7,10746,257,10746,(X),16,19,0.1,0.2,47,39,0.4,0.4,131,53,1.2,0.5,10746,257,10746,(X),10632,271,98.9,0.8,96,82,0.9,0.8,18,22,0.2,0.2,8891,289,8891,(X),194,74,2.2,0.8,225,97,2.5,1.1,869,200,9.8,2.2,2159,272,24.3,3.0,4034,317,45.4,3.3,1290,185,14.5,2.1,113,48,1.3,0.5,7,10,0.1,0.1,223100,5290,(X),(X),8891,289,8891,(X),6536,312,73.5,2.7,2355,255,26.5,2.7,6536,312,6536,(X),4,9,0.1,0.1,327,108,5.0,1.6,1470,200,22.5,3.0,2277,234,34.8,3.2,1525,232,23.3,3.3,555,141,8.5,2.1,378,94,5.8,1.4,1790,57,(X),(X),2355,255,2355,(X),12,20,0.5,0.8,13,14,0.6,0.6,388,118,16.5,4.8,844,169,35.8,5.8,645,180,27.4,6.5,453,120,19.2,5.2,781,35,(X),(X),6525,311,6525,(X),2347,279,36.0,3.9,900,169,13.8,2.6,913,187,14.0,2.8,716,178,11.0,2.7,1649,239,25.3,3.4,11,14,(X),(X),2335,250,2335,(X),901,179,38.6,6.1,454,120,19.4,4.9,214,84,9.2,3.5,137,66,5.9,2.8,198,69,8.5,2.8,105,63,4.5,2.7,326,97,14.0,3.8,20,23,(X),(X),1793,226,1793,(X),105,51,5.9,2.8,308,104,17.2,5.7,1035,159,57.7,6.9,274,121,15.3,6.0,61,49,3.4,2.7,10,16,0.6,0.9,0,22,0.0,1.8,1175,42,(X),(X),62,48,(X),(X),1765,226,1765,(X),248,118,14.1,6.3,248,99,14.1,5.2,312,126,17.7,6.9,195,105,11.0,5.8,192,81,10.9,4.6,570,149,32.3,7.5,90,53,(X),(X)
0600000US0900387070,0900387070,"Windsor Locks town, Hartford County, Connecticut",5295,350,5295,(X),4974,306,93.9,3.1,321,175,6.1,3.1,0.9,1.3,(X),(X),10.7,7.6,(X),(X),5295,350,5295,(X),3777,300,71.3,3.8,374,101,7.1,1.9,276,111,5.2,2.0,262,122,4.9,2.3,134,87,2.5,1.6,240,121,4.5,2.3,226,82,4.3,1.5,6,9,0.1,0.2,0,19,0.0,0.6,5295,350,5295,(X),0,19,0.0,0.6,29,37,0.5,0.7,412,105,7.8,1.9,220,88,4.2,1.7,781,178,14.7,3.0,355,129,6.7,2.4,707,161,13.4,2.7,1524,199,28.8,3.4,374,138,7.1,2.6,893,156,16.9,3.0,5295,350,5295,(X),42,48,0.8,0.9,170,102,3.2,1.9,260,118,4.9,2.2,590,150,11.1,2.7,1393,246,26.3,4.1,1152,235,21.8,4.2,700,157,13.2,2.8,537,147,10.1,2.8,451,120,8.5,2.4,5.7,0.3,(X),(X),5295,350,5295,(X),42,48,0.8,0.9,476,154,9.0,2.8,1351,219,25.5,3.9,2397,291,45.3,4.5,853,168,16.1,3.1,176,83,3.3,1.5,4974,306,4974,(X),3847,280,77.3,3.8,1127,212,22.7,3.8,2.60,0.20,(X),(X),2.22,0.24,(X),(X),4974,306,4974,(X),19,23,0.4,0.5,1007,207,20.2,3.9,1896,206,38.1,4.1,867,174,17.4,3.2,378,102,7.6,2.0,807,148,16.2,2.7,4974,306,4974,(X),144,73,2.9,1.5,1827,265,36.7,4.0,1933,259,38.9,4.3,1070,164,21.5,3.9,4974,306,4974,(X),2016,235,40.5,3.8,65,54,1.3,1.1,233,84,4.7,1.7,2575,237,51.8,3.9,0,19,0.0,0.7,53,42,1.1,0.8,0,19,0.0,0.7,24,27,0.5,0.5,8,12,0.2,0.2,4974,306,4974,(X),0,19,0.0,0.7,0,19,0.0,0.7,22,27,0.4,0.5,4974,306,4974,(X),4845,323,97.4,1.9,111,89,2.2,1.8,18,31,0.4,0.6,3847,280,3847,(X),114,65,3.0,1.7,60,44,1.6,1.1,582,148,15.1,3.6,1285,203,33.4,4.3,1318,186,34.3,4.7,455,96,11.8,2.4,18,17,0.5,0.4,15,23,0.4,0.6,195800,7044,(X),(X),3847,280,3847,(X),2663,197,69.2,4.0,1184,201,30.8,4.0,2663,197,2663,(X),0,19,0.0,1.2,176,66,6.6,2.4,752,165,28.2,6.1,967,170,36.3,6.5,589,166,22.1,5.5,70,40,2.6,1.5,109,76,4.1,2.8,1681,71,(X),(X),1184,201,1184,(X),11,18,0.9,1.5,94,58,7.9,4.5,383,127,32.3,8.3,534,117,45.1,8.0,136,65,11.5,5.2,26,26,2.2,2.1,630,25,(X),(X),2640,196,2640,(X),998,161,37.8,6.1,464,133,17.6,4.9,325,112,12.3,4.1,240,76,9.1,2.8,613,148,23.2,5.0,23,27,(X),(X),1159,200,1159,(X),332,92,28.6,6.5,178,58,15.4,4.9,225,81,19.4,6.2,127,70,11.0,5.7,59,44,5.1,3.7,81,64,7.0,5.3,157,66,13.5,5.1,25,23,(X),(X),1048,216,1048,(X),102,59,9.7,5.3,343,126,32.7,10.3,379,124,36.2,11.1,211,124,20.1,10.2,13,15,1.2,1.4,0,19,0.0,3.1,0,19,0.0,3.1,1061,82,(X),(X),79,52,(X),(X),1027,213,1027,(X),155,113,15.1,10.5,151,88,14.7,8.4,196,109,19.1,9.3,122,76,11.9,7.1,98,49,9.5,5.0,305,119,29.7,9.8,100,57,(X),(X)
0600000US0900502760,0900502760,"Barkhamsted town, Litchfield County, Connecticut",1500,103,1500,(X),1450,94,96.7,3.0,50,46,3.3,3.0,0.0,2.4,(X),(X),0.0,24.6,(X),(X),1500,103,1500,(X),1404,100,93.6,3.3,16,19,1.1,1.3,9,13,0.6,0.9,43,37,2.9,2.5,8,14,0.5,0.9,20,26,1.3,1.7,0,12,0.0,2.1,0,12,0.0,2.1,0,12,0.0,2.1,1500,103,1500,(X),0,12,0.0,2.1,6,10,0.4,0.7,190,64,12.7,4.2,231,84,15.4,5.7,211,80,14.1,5.0,386,82,25.7,5.2,193,60,12.9,4.1,104,59,6.9,3.9,39,36,2.6,2.4,140,59,9.3,3.7,1500,103,1500,(X),0,12,0.0,2.1,0,12,0.0,2.1,21,33,1.4,2.2,111,50,7.4,3.2,297,91,19.8,5.6,253,78,16.9,5.4,333,99,22.2,6.2,283,81,18.9,5.5,202,67,13.5,4.5,6.7,0.3,(X),(X),1500,103,1500,(X),0,12,0.0,2.1,63,44,4.2,2.9,204,74,13.6,4.7,786,118,52.4,7.4,371,102,24.7,6.5,76,44,5.1,3.0,1450,94,1450,(X),1337,91,92.2,3.9,113,60,7.8,3.9,2.60,0.16,(X),(X),2.13,0.51,(X),(X),1450,94,1450,(X),7,11,0.5,0.8,167,70,11.5,4.7,488,111,33.7,7.2,418,99,28.8,7.1,190,55,13.1,3.5,180,65,12.4,4.3,1450,94,1450,(X),0,12,0.0,2.2,346,102,23.9,6.6,653,124,45.0,7.8,451,96,31.1,6.8,1450,94,1450,(X),13,23,0.9,1.6,76,57,5.2,4.0,47,31,3.2,2.1,1106,126,76.3,6.9,0,12,0.0,2.2,208,78,14.3,5.3,0,12,0.0,2.2,0,12,0.0,2.2,0,12,0.0,2.2,1450,94,1450,(X),0,12,0.0,2.2,0,12,0.0,2.2,0,12,0.0,2.2,1450,94,1450,(X),1450,94,100.0,2.2,0,12,0.0,2.2,0,12,0.0,2.2,1337,91,1337,(X),23,21,1.7,1.6,8,12,0.6,0.9,29,21,2.2,1.6,255,90,19.1,6.4,564,105,42.2,6.8,368,94,27.5,7.4,81,56,6.1,4.2,9,15,0.7,1.1,251500,20553,(X),(X),1337,91,1337,(X),892,113,66.7,7.3,445,104,33.3,7.3,892,113,892,(X),0,12,0.0,3.6,73,42,8.2,4.5,150,55,16.8,5.9,277,96,31.1,9.1,200,83,22.4,8.5,63,38,7.1,4.4,129,53,14.5,6.3,1920,130,(X),(X),445,104,445,(X),15,17,3.4,3.8,46,25,10.3,5.3,77,51,17.3,10.5,135,50,30.3,10.6,91,50,20.4,9.5,81,51,18.2,9.9,717,76,(X),(X),892,113,892,(X),354,87,39.7,8.4,117,63,13.1,7.0,52,37,5.8,4.0,100,63,11.2,7.1,269,85,30.2,8.6,0,12,(X),(X),437,102,437,(X),163,64,37.3,11.3,141,58,32.3,10.9,41,29,9.4,6.8,48,33,11.0,6.8,19,21,4.3,4.9,7,11,1.6,2.5,18,19,4.1,4.1,8,13,(X),(X),113,60,113,(X),0,12,0.0,24.6,57,44,50.4,27.7,48,43,42.5,27.9,8,13,7.1,11.0,0,12,0.0,24.6,0,12,0.0,24.6,0,12,0.0,24.6,997,158,(X),(X),0,12,(X),(X),113,60,113,(X),28,35,24.8,25.8,32,27,28.3,23.4,10,16,8.8,13.1,28,36,24.8,26.3,15,18,13.3,15.2,0,12,0.0,24.6,0,12,(X),(X)
0600000US0900504930,0900504930,"Bethlehem town, Litchfield County, Connecticut",1493,104,1493,(X),1285,80,86.1,5.0,208,83,13.9,5.0,0.8,1.4,(X),(X),0.0,15.0,(X),(X),1493,104,1493,(X),1383,103,92.6,3.6,16,19,1.1,1.3,73,49,4.9,3.2,13,12,0.9,0.8,0,12,0.0,2.2,0,12,0.0,2.2,0,12,0.0,2.2,8,12,0.5,0.8,0,12,0.0,2.2,1493,104,1493,(X),0,12,0.0,2.2,10,17,0.7,1.1,197,74,13.2,5.1,291,85,19.5,6.0,258,89,17.3,5.4,183,59,12.3,3.7,110,50,7.4,3.4,176,73,11.8,4.8,110,53,7.4,3.5,158,56,10.6,3.5,1493,104,1493,(X),0,12,0.0,2.2,26,23,1.7,1.6,25,23,1.7,1.5,222,89,14.9,5.7,164,50,11.0,3.3,300,88,20.1,5.6,289,107,19.4,6.7,208,68,13.9,4.7,259,80,17.3,5.5,6.5,0.3,(X),(X),1493,104,1493,(X),9,14,0.6,0.9,56,34,3.8,2.2,292,90,19.6,5.7,736,147,49.3,8.6,314,83,21.0,5.9,86,43,5.8,2.9,1285,80,1285,(X),1085,101,84.4,5.8,200,75,15.6,5.8,2.74,0.17,(X),(X),2.33,0.72,(X),(X),1285,80,1285,(X),0,12,0.0,2.5,78,40,6.1,3.1,533,90,41.5,7.1,327,77,25.4,5.6,163,56,12.7,4.3,184,62,14.3,4.6,1285,80,1285,(X),69,48,5.4,3.6,270,68,21.0,4.9,551,92,42.9,6.5,395,75,30.7,6.3,1285,80,1285,(X),19,22,1.5,1.7,123,45,9.6,3.4,146,64,11.4,4.7,848,102,66.0,7.0,0,12,0.0,2.5,132,54,10.3,4.3,0,12,0.0,2.5,8,12,0.6,0.9,9,14,0.7,1.0,1285,80,1285,(X),9,14,0.7,1.0,9,14,0.7,1.0,9,14,0.7,1.0,1285,80,1285,(X),1285,80,100.0,2.5,0,12,0.0,2.5,0,12,0.0,2.5,1085,101,1085,(X),0,12,0.0,2.9,7,12,0.6,1.1,51,36,4.7,3.2,112,57,10.3,5.1,262,64,24.1,5.7,409,81,37.7,6.8,186,53,17.1,4.7,58,40,5.3,3.6,342300,23049,(X),(X),1085,101,1085,(X),768,98,70.8,6.8,317,83,29.2,6.8,768,98,768,(X),0,12,0.0,4.1,41,28,5.3,3.7,134,60,17.4,7.3,144,49,18.8,5.7,125,49,16.3,5.7,130,59,16.9,7.7,194,59,25.3,7.1,2260,251,(X),(X),317,83,317,(X),0,12,0.0,9.7,8,12,2.5,3.6,40,27,12.6,8.4,72,38,22.7,10.4,90,42,28.4,12.8,107,60,33.8,14.6,866,71,(X),(X),768,98,768,(X),228,70,29.7,8.7,151,44,19.7,5.3,86,40,11.2,5.1,73,49,9.5,6.1,230,72,29.9,8.6,0,12,(X),(X),309,82,309,(X),73,36,23.6,10.5,48,32,15.5,10.1,70,39,22.7,11.3,14,16,4.5,5.1,42,42,13.6,12.3,7,12,2.3,3.9,55,28,17.8,8.4,8,12,(X),(X),135,69,135,(X),21,18,15.6,14.4,70,49,51.9,27.0,35,43,25.9,27.2,0,12,0.0,21.2,0,12,0.0,21.2,0,12,0.0,21.2,9,13,6.7,9.6,892,133,(X),(X),65,47,(X),(X),135,69,135,(X),8,13,5.9,10.3,16,19,11.9,14.0,0,12,0.0,21.2,43,45,31.9,27.1,6,10,4.4,7.7,62,48,45.9,26.4,65,47,(X),(X)
0600000US0900508210,0900508210,"Bridgewater town, Litchfield County, Connecticut",886,35,886,(X),753,42,85.0,3.8,133,34,15.0,3.8,4.2,2.8,(X),(X),0.0,34.1,(X),(X),886,35,886,(X),846,40,95.5,2.2,7,5,0.8,0.6,12,11,1.4,1.3,0,12,0.0,3.6,8,7,0.9,0.8,13,16,1.5,1.8,0,12,0.0,3.6,0,12,0.0,3.6,0,12,0.0,3.6,886,35,886,(X),0,12,0.0,3.6,0,12,0.0,3.6,65,20,7.3,2.3,66,27,7.4,3.1,111,32,12.5,3.5,117,40,13.2,4.5,114,29,12.9,3.2,89,27,10.0,3.0,56,23,6.3,2.6,268,50,30.2,5.5,886,35,886,(X),2,4,0.2,0.4,0,12,0.0,3.6,27,23,3.0,2.6,45,27,5.1,3.1,116,38,13.1,4.2,167,42,18.8,4.8,180,44,20.3,4.8,144,30,16.3,3.4,205,36,23.1,3.9,7.0,0.3,(X),(X),886,35,886,(X),2,4,0.2,0.4,27,17,3.0,2.0,155,42,17.5,4.8,415,50,46.8,5.0,240,40,27.1,4.4,47,17,5.3,1.9,753,42,753,(X),680,50,90.3,4.5,73,35,9.7,4.5,2.21,0.10,(X),(X),2.32,0.88,(X),(X),753,42,753,(X),0,12,0.0,4.2,91,30,12.1,3.9,198,48,26.3,6.2,237,47,31.5,5.7,108,30,14.3,3.9,119,27,15.8,3.6,753,42,753,(X),6,7,0.8,1.0,212,46,28.2,5.6,235,41,31.2,5.5,300,50,39.8,6.2,753,42,753,(X),12,10,1.6,1.3,36,19,4.8,2.5,63,20,8.4,2.7,604,49,80.2,4.4,0,12,0.0,4.2,28,13,3.7,1.7,0,12,0.0,4.2,10,8,1.3,1.0,0,12,0.0,4.2,753,42,753,(X),0,12,0.0,4.2,0,12,0.0,4.2,3,4,0.4,0.6,753,42,753,(X),751,42,99.7,0.5,0,12,0.0,4.2,2,4,0.3,0.5,680,50,680,(X),4,5,0.6,0.7,3,6,0.4,0.8,0,12,0.0,4.7,23,11,3.4,1.7,88,27,12.9,4.0,229,38,33.7,4.9,222,47,32.6,6.1,111,29,16.3,4.2,494900,34847,(X),(X),680,50,680,(X),407,50,59.9,5.7,273,43,40.1,5.7,407,50,407,(X),0,12,0.0,7.7,19,12,4.7,2.9,43,17,10.6,4.3,89,34,21.9,7.3,70,32,17.2,7.3,41,17,10.1,3.7,145,25,35.6,6.2,2375,168,(X),(X),273,43,273,(X),7,7,2.6,2.6,5,8,1.8,2.9,14,10,5.1,3.5,45,19,16.5,7.1,43,23,15.8,7.8,159,39,58.2,9.2,1043,47,(X),(X),407,50,407,(X),114,29,28.0,6.5,52,21,12.8,5.1,73,31,17.9,6.8,37,15,9.1,3.6,131,28,32.2,6.4,0,12,(X),(X),273,43,273,(X),108,32,39.6,9.6,35,21,12.8,7.6,44,22,16.1,7.4,12,8,4.4,2.7,3,6,1.1,2.2,11,10,4.0,3.7,60,24,22.0,8.5,0,12,(X),(X),53,27,53,(X),0,12,0.0,40.7,15,18,28.3,27.7,21,16,39.6,25.5,2,5,3.8,8.6,4,5,7.5,10.0,8,13,15.1,21.1,3,5,5.7,9.3,1342,259,(X),(X),20,21,(X),(X),53,27,53,(X),11,17,20.8,26.9,0,12,0.0,40.7,15,11,28.3,19.1,12,11,22.6,18.9,0,12,0.0,40.7,15,15,28.3,22.4,20,21,(X),(X)
0600000US0900510940,0900510940,"Canaan town, Litchfield County, Connecticut",746,70,746,(X),536,61,71.8,6.7,210,58,28.2,6.7,0.8,1.1,(X),(X),2.1,3.3,(X),(X),746,70,746,(X),661,68,88.6,3.9,3,4,0.4,0.6,12,15,1.6,2.0,3,4,0.4,0.5,4,5,0.5,0.7,0,12,0.0,4.3,60,28,8.0,3.6,3,5,0.4,0.7,0,12,0.0,4.3,746,70,746,(X),0,12,0.0,4.3,0,12,0.0,4.3,63,20,8.4,2.8,69,35,9.2,4.4,109,31,14.6,3.9,80,29,10.7,3.8,46,15,6.2,2.0,86,31,11.5,4.1,50,26,6.7,3.5,243,53,32.6,6.1,746,70,746,(X),10,8,1.3,1.1,26,14,3.5,1.9,41,24,5.5,3.1,121,39,16.2,4.9,148,41,19.8,5.3,146,35,19.6,4.4,70,26,9.4,3.4,55,23,7.4,3.0,129,40,17.3,4.9,5.7,0.4,(X),(X),746,70,746,(X),10,8,1.3,1.1,70,35,9.4,4.4,268,52,35.9,6.6,255,55,34.2,6.5,110,40,14.7,5.1,33,18,4.4,2.4,536,61,536,(X),395,41,73.7,5.9,141,41,26.3,5.9,2.35,0.22,(X),(X),1.55,0.22,(X),(X),536,61,536,(X),2,3,0.4,0.5,88,32,16.4,5.3,201,46,37.5,6.6,95,28,17.7,5.1,99,26,18.5,4.9,51,17,9.5,3.2,536,61,536,(X),50,24,9.3,4.1,147,38,27.4,6.4,244,48,45.5,7.2,95,28,17.7,5.2,536,61,536,(X),4,5,0.7,0.9,69,20,12.9,3.6,34,16,6.3,2.9,345,54,64.4,6.4,9,9,1.7,1.6,58,27,10.8,4.9,3,4,0.6,0.8,14,13,2.6,2.5,0,12,0.0,5.9,536,61,536,(X),0,12,0.0,5.9,27,16,5.0,2.8,2,4,0.4,0.7,536,61,536,(X),532,61,99.3,1.0,0,12,0.0,5.9,4,5,0.7,1.0,395,41,395,(X),7,7,1.8,1.7,6,7,1.5,1.6,22,19,5.6,4.8,45,19,11.4,4.9,150,27,38.0,6.2,96,27,24.3,5.9,45,20,11.4,4.8,24,13,6.1,3.4,273400,27518,(X),(X),395,41,395,(X),243,40,61.5,7.8,152,34,38.5,7.8,243,40,243,(X),3,4,1.2,1.7,16,12,6.6,4.6,67,28,27.6,9.7,44,16,18.1,6.1,26,14,10.7,5.5,34,18,14.0,6.9,53,21,21.8,8.4,1788,496,(X),(X),152,34,152,(X),4,5,2.6,3.5,12,8,7.9,5.2,41,22,27.0,12.0,51,21,33.6,12.0,19,9,12.5,6.1,25,12,16.4,7.1,673,60,(X),(X),243,40,243,(X),92,27,37.9,9.8,40,20,16.5,7.1,18,12,7.4,4.8,6,4,2.5,1.7,87,26,35.8,9.5,0,12,(X),(X),152,34,152,(X),47,24,30.9,12.4,26,15,17.1,9.2,15,11,9.9,7.2,18,12,11.8,8.0,3,4,2.0,2.6,6,6,3.9,4.1,37,16,24.3,10.1,0,12,(X),(X),126,41,126,(X),16,16,12.7,11.3,57,29,45.2,16.2,8,8,6.3,6.0,18,18,14.3,13.1,0,12,0.0,22.5,0,12,0.0,22.5,27,14,21.4,11.0,879,282,(X),(X),15,10,(X),(X),126,41,126,(X),10,8,7.9,6.9,20,20,15.9,13.4,12,9,9.5,7.5,17,17,13.5,11.6,10,15,7.9,11.2,57,24,45.2,14.6,15,10,(X),(X)
0600000US0900516050,0900516050,"Colebrook town, Litchfield County, Connecticut",801,37,801,(X),599,54,74.8,6.0,202,50,25.2,6.0,2.7,2.8,(X),(X),0.0,37.3,(X),(X),801,37,801,(X),763,42,95.3,2.2,26,18,3.2,2.2,8,13,1.0,1.6,0,12,0.0,4.0,4,5,0.5,0.6,0,12,0.0,4.0,0,12,0.0,4.0,0,12,0.0,4.0,0,12,0.0,4.0,801,37,801,(X),0,12,0.0,4.0,0,12,0.0,4.0,96,35,12.0,4.3,58,22,7.2,2.7,120,38,15.0,4.8,80,25,10.0,3.1,89,30,11.1,3.6,74,30,9.2,3.7,53,29,6.6,3.6,231,51,28.8,6.2,801,37,801,(X),0,12,0.0,4.0,13,9,1.6,1.2,18,17,2.2,2.1,66,29,8.2,3.5,120,41,15.0,5.0,176,41,22.0,5.2,169,52,21.1,6.4,121,32,15.1,4.0,118,40,14.7,4.7,6.5,0.3,(X),(X),801,37,801,(X),0,12,0.0,4.0,41,21,5.1,2.6,161,39,20.1,4.7,357,54,44.6,6.3,175,44,21.8,5.4,67,29,8.4,3.6,599,54,599,(X),544,56,90.8,5.0,55,31,9.2,5.0,2.55,0.16,(X),(X),3.75,1.23,(X),(X),599,54,599,(X),8,13,1.3,2.2,61,24,10.2,3.8,206,43,34.4,7.0,118,26,19.7,4.1,92,39,15.4,6.2,114,33,19.0,5.0,599,54,599,(X),0,12,0.0,5.3,99,38,16.5,5.9,266,40,44.4,6.1,234,50,39.1,7.2,599,54,599,(X),7,7,1.2,1.1,44,26,7.3,4.1,38,21,6.3,3.4,351,45,58.6,6.0,11,16,1.8,2.6,144,36,24.0,5.6,0,12,0.0,5.3,4,6,0.7,1.0,0,12,0.0,5.3,599,54,599,(X),4,6,0.7,0.9,3,5,0.5,0.9,0,12,0.0,5.3,599,54,599,(X),591,55,98.7,1.2,4,5,0.7,0.9,4,5,0.7,0.8,544,56,544,(X),11,6,2.0,1.0,4,6,0.7,1.0,32,16,5.9,2.9,97,32,17.8,5.4,149,36,27.4,5.9,184,42,33.8,7.0,58,30,10.7,5.2,9,7,1.7,1.2,289200,20921,(X),(X),544,56,544,(X),338,50,62.1,7.2,206,46,37.9,7.2,338,50,338,(X),4,5,1.2,1.5,17,9,5.0,2.8,48,20,14.2,5.8,66,23,19.5,6.4,97,35,28.7,8.0,42,16,12.4,5.1,64,27,18.9,7.4,2175,122,(X),(X),206,46,206,(X),0,12,0.0,14.6,4,6,1.9,2.7,39,18,18.9,8.3,70,26,34.0,9.4,54,27,26.2,10.4,39,19,18.9,8.4,773,65,(X),(X),338,50,338,(X),111,26,32.8,7.0,49,27,14.5,7.3,47,18,13.9,5.6,19,12,5.6,3.6,112,38,33.1,8.6,0,12,(X),(X),206,46,206,(X),45,26,21.8,10.5,40,21,19.4,9.4,27,13,13.1,6.3,24,18,11.7,8.0,24,14,11.7,6.4,3,5,1.5,2.2,43,24,20.9,9.4,0,12,(X),(X),42,30,42,(X),0,12,0.0,45.8,17,20,40.5,39.0,17,18,40.5,37.5,8,13,19.0,30.5,0,12,0.0,45.8,0,12,0.0,45.8,0,12,0.0,45.8,1268,502,(X),(X),13,10,(X),(X),42,30,42,(X),3,4,7.1,11.2,32,29,76.2,24.0,0,12,0.0,45.8,0,12,0.0,45.8,0,12,0.0,45.8,7,7,16.7,18.9,13,10,(X),(X)
0600000US0900517240,0900517240,"Cornwall town, Litchfield County, Connecticut",1020,33,1020,(X),568,54,55.7,5.0,452,53,44.3,5.0,3.1,3.2,(X),(X),14.9,14.3,(X),(X),1020,33,1020,(X),937,40,91.9,3.0,16,12,1.6,1.2,30,22,2.9,2.1,23,17,2.3,1.6,3,4,0.3,0.4,9,14,0.9,1.3,2,5,0.2,0.5,0,12,0.0,3.1,0,12,0.0,3.1,1020,33,1020,(X),0,12,0.0,3.1,3,4,0.3,0.4,36,21,3.5,2.0,81,32,7.9,3.1,130,42,12.7,4.1,104,34,10.2,3.3,86,38,8.4,3.7,91,28,8.9,2.7,62,27,6.1,2.6,427,63,41.9,6.0,1020,33,1020,(X),9,8,0.9,0.7,3,4,0.3,0.4,67,32,6.6,3.1,49,21,4.8,2.0,161,45,15.8,4.5,194,53,19.0,5.1,191,58,18.7,5.6,165,51,16.2,4.9,181,49,17.7,4.7,6.6,0.3,(X),(X),1020,33,1020,(X),9,8,0.9,0.7,80,32,7.8,3.1,201,40,19.7,3.9,461,63,45.2,5.9,194,45,19.0,4.4,75,32,7.4,3.1,568,54,568,(X),465,48,81.9,5.4,103,34,18.1,5.4,2.30,0.19,(X),(X),2.83,0.62,(X),(X),568,54,568,(X),0,12,0.0,5.6,79,30,13.9,5.2,163,37,28.7,5.8,107,29,18.8,4.6,105,30,18.5,4.8,114,30,20.1,5.0,568,54,568,(X),3,4,0.5,0.7,192,39,33.8,6.0,286,52,50.4,7.2,87,28,15.3,5.0,568,54,568,(X),3,4,0.5,0.7,56,20,9.9,3.3,33,20,5.8,3.4,395,47,69.5,5.4,0,12,0.0,5.6,74,23,13.0,3.8,0,12,0.0,5.6,7,7,1.2,1.2,0,12,0.0,5.6,568,54,568,(X),0,12,0.0,5.6,0,12,0.0,5.6,3,4,0.5,0.8,568,54,568,(X),555,55,97.7,1.6,3,5,0.5,0.8,10,7,1.8,1.3,465,48,465,(X),2,4,0.4,1.0,3,4,0.6,0.9,10,9,2.2,1.9,32,17,6.9,3.7,64,24,13.8,4.8,169,38,36.3,8.0,148,37,31.8,6.8,37,16,8.0,3.4,424600,47371,(X),(X),465,48,465,(X),243,40,52.3,6.2,222,35,47.7,6.2,243,40,243,(X),3,4,1.2,1.7,25,12,10.3,4.6,34,14,14.0,5.6,19,12,7.8,4.7,28,20,11.5,7.4,58,20,23.9,7.9,76,26,31.3,8.9,2608,170,(X),(X),222,35,222,(X),0,12,0.0,13.6,26,22,11.7,9.4,56,26,25.2,10.2,55,19,24.8,8.5,40,19,18.0,8.8,45,18,20.3,7.5,719,82,(X),(X),243,40,243,(X),74,22,30.5,8.4,32,19,13.2,7.2,13,9,5.3,3.6,23,17,9.5,6.4,101,29,41.6,10.0,0,12,(X),(X),222,35,222,(X),110,32,49.5,10.7,23,12,10.4,5.6,21,11,9.5,4.8,20,16,9.0,7.2,8,7,3.6,3.3,5,5,2.3,2.4,35,19,15.8,8.1,0,12,(X),(X),80,27,80,(X),0,12,0.0,32.1,45,19,56.3,17.8,25,18,31.3,17.3,10,8,12.5,9.6,0,12,0.0,32.1,0,12,0.0,32.1,0,12,0.0,32.1,896,244,(X),(X),23,15,(X),(X),80,27,80,(X),0,12,0.0,32.1,11,14,13.8,15.1,11,8,13.8,10.2,14,11,17.5,11.9,2,4,2.5,4.4,42,21,52.5,19.9,23,15,(X),(X)
0600000US0900532290,0900532290,"Goshen town, Litchfield County, Connecticut",1633,142,1633,(X),1159,87,71.0,5.4,474,116,29.0,5.4,0.0,3.0,(X),(X),0.0,30.7,(X),(X),1633,142,1633,(X),1572,151,96.3,2.5,38,30,2.3,1.9,0,12,0.0,2.0,0,12,0.0,2.0,10,16,0.6,1.0,3,7,0.2,0.4,10,15,0.6,0.9,0,12,0.0,2.0,0,12,0.0,2.0,1633,142,1633,(X),0,12,0.0,2.0,0,12,0.0,2.0,401,118,24.6,7.9,165,74,10.1,4.3,414,129,25.4,7.1,329,88,20.1,5.3,35,24,2.1,1.4,78,40,4.8,2.4,24,23,1.5,1.4,187,73,11.5,4.2,1633,142,1633,(X),29,24,1.8,1.5,11,17,0.7,1.1,37,45,2.3,2.8,33,25,2.0,1.5,111,51,6.8,3.0,366,124,22.4,7.1,320,121,19.6,7.0,438,109,26.8,6.7,288,92,17.6,5.7,7.2,0.4,(X),(X),1633,142,1633,(X),29,24,1.8,1.5,36,26,2.2,1.6,131,72,8.0,4.3,828,143,50.7,7.4,518,118,31.7,6.6,91,55,5.6,3.4,1159,87,1159,(X),1074,93,92.7,4.4,85,52,7.3,4.4,2.56,0.20,(X),(X),2.22,0.69,(X),(X),1159,87,1159,(X),0,12,0.0,2.8,138,57,11.9,4.7,560,97,48.3,8.2,189,74,16.3,6.2,166,68,14.3,5.8,106,47,9.1,3.9,1159,87,1159,(X),31,29,2.7,2.4,208,71,17.9,5.6,589,89,50.8,7.7,331,76,28.6,6.5,1159,87,1159,(X),59,46,5.1,3.9,113,63,9.7,5.6,58,29,5.0,2.5,792,125,68.3,8.2,0,12,0.0,2.8,108,44,9.3,3.9,0,12,0.0,2.8,20,21,1.7,1.8,9,15,0.8,1.3,1159,87,1159,(X),0,12,0.0,2.8,0,12,0.0,2.8,8,12,0.7,1.0,1159,87,1159,(X),1150,90,99.2,1.3,0,12,0.0,2.8,9,15,0.8,1.3,1074,93,1074,(X),0,12,0.0,3.0,9,14,0.8,1.3,3,7,0.3,0.7,93,49,8.7,4.3,147,51,13.7,4.5,486,102,45.3,8.5,234,90,21.8,8.4,102,60,9.5,5.7,382600,22926,(X),(X),1074,93,1074,(X),774,87,72.1,6.7,300,81,27.9,6.7,774,87,774,(X),0,12,0.0,4.1,36,29,4.7,3.6,111,59,14.3,7.2,214,65,27.6,8.0,130,62,16.8,7.7,111,59,14.3,8.0,172,83,22.2,9.9,2100,275,(X),(X),300,81,300,(X),0,12,0.0,10.3,9,14,3.0,4.7,63,37,21.0,12.3,77,39,25.7,12.2,60,36,20.0,11.1,91,56,30.3,15.4,804,201,(X),(X),766,87,766,(X),337,81,44.0,10.9,81,38,10.6,5.1,80,44,10.4,5.7,53,44,6.9,5.7,215,90,28.1,10.3,8,13,(X),(X),300,81,300,(X),61,40,20.3,12.6,51,33,17.0,10.5,49,39,16.3,11.7,9,14,3.0,4.7,16,18,5.3,6.0,0,12,0.0,10.3,114,56,38.0,15.1,0,12,(X),(X),54,40,54,(X),10,15,18.5,34.1,10,16,18.5,28.4,19,28,35.2,41.0,0,12,0.0,40.4,15,19,27.8,25.4,0,12,0.0,40.4,0,12,0.0,40.4,1092,525,(X),(X),31,26,(X),(X),54,40,54,(X),0,12,0.0,40.4,6,11,11.1,19.2,0,12,0.0,40.4,9,15,16.7,21.2,29,25,53.7,28.5,10,16,18.5,28.4,31,26,(X),(X)
0600000US0900537280,0900537280,"Harwinton town, Litchfield County, Connecticut",2259,125,2259,(X),2025,88,89.6,2.4,234,63,10.4,2.4,2.1,2.4,(X),(X),21.3,24.6,(X),(X),2259,125,2259,(X),2183,123,96.6,1.4,10,15,0.4,0.7,18,20,0.8,0.9,0,17,0.0,1.4,19,15,0.8,0.7,0,17,0.0,1.4,21,19,0.9,0.8,8,12,0.4,0.5,0,17,0.0,1.4,2259,125,2259,(X),0,17,0.0,1.4,0,17,0.0,1.4,281,82,12.4,3.5,252,78,11.2,3.5,262,62,11.6,2.8,373,79,16.5,3.2,279,85,12.4,3.7,376,99,16.6,4.2,203,81,9.0,3.5,233,69,10.3,3.1,2259,125,2259,(X),0,17,0.0,1.4,7,13,0.3,0.6,138,84,6.1,3.7,226,86,10.0,3.8,331,81,14.7,3.4,458,92,20.3,4.1,453,95,20.1,4.3,251,80,11.1,3.5,395,89,17.5,3.7,6.4,0.3,(X),(X),2259,125,2259,(X),0,17,0.0,1.4,146,80,6.5,3.5,452,110,20.0,4.9,1126,140,49.8,5.1,431,72,19.1,3.4,104,46,4.6,2.0,2025,88,2025,(X),1925,92,95.1,2.5,100,51,4.9,2.5,2.80,0.12,(X),(X),1.51,0.46,(X),(X),2025,88,2025,(X),0,17,0.0,1.6,160,67,7.9,3.4,748,132,36.9,5.8,479,82,23.7,4.2,344,74,17.0,3.7,294,60,14.5,2.9,2025,88,2025,(X),80,47,4.0,2.3,338,79,16.7,3.6,801,115,39.6,5.6,806,101,39.8,5.0,2025,88,2025,(X),27,32,1.3,1.6,130,68,6.4,3.3,104,43,5.1,2.2,1524,129,75.3,4.9,12,18,0.6,0.9,173,59,8.5,3.0,0,17,0.0,1.6,55,35,2.7,1.8,0,17,0.0,1.6,2025,88,2025,(X),0,17,0.0,1.6,8,14,0.4,0.7,15,16,0.7,0.8,2025,88,2025,(X),1981,101,97.8,1.6,44,32,2.2,1.6,0,17,0.0,1.6,1925,92,1925,(X),19,21,1.0,1.1,14,16,0.7,0.8,61,34,3.2,1.8,303,76,15.7,3.8,629,105,32.7,5.3,625,95,32.5,4.9,254,73,13.2,3.6,20,20,1.0,1.0,290600,12897,(X),(X),1925,92,1925,(X),1224,116,63.6,5.5,701,113,36.4,5.5,1224,116,1224,(X),19,21,1.6,1.7,82,41,6.7,3.3,221,72,18.1,5.3,259,79,21.2,5.8,230,76,18.8,6.4,180,69,14.7,5.5,233,70,19.0,5.5,2067,175,(X),(X),701,113,701,(X),10,15,1.4,2.2,24,19,3.4,2.7,81,37,11.6,5.3,168,60,24.0,7.2,232,73,33.1,9.6,186,60,26.5,6.8,837,28,(X),(X),1224,116,1224,(X),523,101,42.7,7.6,164,57,13.4,4.4,123,54,10.0,4.2,105,47,8.6,3.7,309,96,25.2,7.4,0,17,(X),(X),701,113,701,(X),237,71,33.8,8.2,137,56,19.5,7.4,113,46,16.1,6.5,73,46,10.4,6.3,67,44,9.6,6.1,23,21,3.3,3.0,51,30,7.3,4.0,0,17,(X),(X),100,51,100,(X),34,30,34.0,28.7,42,43,42.0,33.4,7,12,7.0,11.8,17,20,17.0,18.6,0,17,0.0,27.2,0,17,0.0,27.2,0,17,0.0,27.2,647,173,(X),(X),0,17,(X),(X),89,48,89,(X),0,17,0.0,29.7,53,44,59.6,27.1,0,17,0.0,29.7,10,15,11.2,18.1,16,19,18.0,22.6,10,15,11.2,16.6,11,18,(X),(X)
0600000US0900540290,0900540290,"Kent town, Litchfield County, Connecticut",1508,165,1508,(X),1104,139,73.2,6.5,404,115,26.8,6.5,4.6,5.3,(X),(X),0.0,7.5,(X),(X),1508,165,1508,(X),1127,174,74.7,7.1,46,27,3.1,1.8,116,71,7.7,4.6,77,63,5.1,4.0,103,79,6.8,5.4,17,19,1.1,1.3,22,21,1.5,1.3,0,12,0.0,2.1,0,12,0.0,2.1,1508,165,1508,(X),0,12,0.0,2.1,56,71,3.7,4.8,89,38,5.9,2.5,129,66,8.6,4.1,251,88,16.6,5.1,239,75,15.8,4.6,123,69,8.2,4.7,156,74,10.3,4.7,70,43,4.6,2.8,395,114,26.2,6.5,1508,165,1508,(X),5,8,0.3,0.6,16,18,1.1,1.2,130,81,8.6,5.2,193,80,12.8,4.8,248,92,16.4,6.3,305,93,20.2,5.6,197,76,13.1,5.0,209,79,13.9,5.0,205,70,13.6,4.2,6.0,0.3,(X),(X),1508,165,1508,(X),13,16,0.9,1.0,147,75,9.7,4.7,429,127,28.4,7.1,551,126,36.5,8.2,296,89,19.6,5.6,72,46,4.8,3.0,1104,139,1104,(X),688,146,62.3,8.8,416,99,37.7,8.8,2.19,0.18,(X),(X),2.63,0.40,(X),(X),1104,139,1104,(X),0,12,0.0,2.9,267,81,24.2,7.9,336,105,30.4,7.5,230,72,20.8,6.0,133,54,12.0,4.2,138,53,12.5,4.5,1104,139,1104,(X),66,55,6.0,4.8,393,110,35.6,7.6,471,88,42.7,8.7,174,60,15.8,4.8,1104,139,1104,(X),18,20,1.6,1.8,48,30,4.3,2.6,169,67,15.3,5.4,741,125,67.1,8.1,0,12,0.0,2.9,115,55,10.4,4.8,0,12,0.0,2.9,13,21,1.2,1.9,0,12,0.0,2.9,1104,139,1104,(X),7,11,0.6,1.0,9,11,0.8,1.0,14,15,1.3,1.4,1104,139,1104,(X),1037,176,93.9,6.9,62,73,5.6,6.7,5,8,0.5,0.8,688,146,688,(X),0,12,0.0,4.6,0,12,0.0,4.6,20,21,2.9,3.0,35,27,5.1,3.8,128,55,18.6,7.1,269,91,39.1,8.9,180,59,26.2,7.6,56,35,8.1,4.6,403600,44500,(X),(X),688,146,688,(X),383,86,55.7,8.6,305,101,44.3,8.6,383,86,383,(X),0,12,0.0,8.1,0,12,0.0,8.1,66,36,17.2,7.9,85,39,22.2,9.1,115,47,30.0,11.5,45,31,11.7,7.3,72,48,18.8,11.4,2176,180,(X),(X),305,101,305,(X),7,13,2.3,4.1,7,11,2.3,3.5,64,48,21.0,12.5,55,33,18.0,9.1,50,33,16.4,9.8,122,52,40.0,12.6,845,99,(X),(X),383,86,383,(X),102,45,26.6,11.3,56,30,14.6,7.3,40,29,10.4,6.7,55,41,14.4,10.2,130,56,33.9,11.0,0,12,(X),(X),297,99,297,(X),103,56,34.7,12.3,45,32,15.2,9.7,52,33,17.5,9.8,0,12,0.0,10.4,30,23,10.1,7.7,0,12,0.0,10.4,67,37,22.6,9.8,8,14,(X),(X),289,105,289,(X),0,12,0.0,10.6,109,64,37.7,17.5,86,52,29.8,18.1,80,74,27.7,22.3,8,12,2.8,4.0,0,12,0.0,10.6,6,14,2.1,4.8,1247,333,(X),(X),127,67,(X),(X),289,105,289,(X),0,12,0.0,10.6,10,15,3.5,5.4,15,16,5.2,6.0,23,22,8.0,7.9,66,54,22.8,18.0,175,103,60.6,22.0,127,67,(X),(X)
0600000US0900543370,0900543370,"Litchfield town, Litchfield County, Connecticut",4151,271,4151,(X),3441,201,82.9,3.0,710,152,17.1,3.0,1.7,1.5,(X),(X),7.7,7.2,(X),(X),4151,271,4151,(X),3203,234,77.2,3.2,221,56,5.3,1.3,244,98,5.9,2.3,139,57,3.3,1.3,123,65,3.0,1.5,75,52,1.8,1.2,132,57,3.2,1.4,14,16,0.3,0.4,0,17,0.0,0.8,4151,271,4151,(X),0,17,0.0,0.8,21,24,0.5,0.6,326,110,7.9,2.6,272,70,6.6,1.7,618,114,14.9,2.5,577,128,13.9,2.8,253,68,6.1,1.6,625,144,15.1,3.3,236,73,5.7,1.7,1223,160,29.5,3.5,4151,271,4151,(X),61,57,1.5,1.4,121,56,2.9,1.3,198,54,4.8,1.2,479,135,11.5,3.2,575,137,13.9,3.0,727,113,17.5,2.6,869,139,20.9,3.1,480,107,11.6,2.3,641,105,15.4,2.6,6.4,0.2,(X),(X),4151,271,4151,(X),63,58,1.5,1.4,423,90,10.2,2.0,875,154,21.1,3.4,1745,196,42.0,3.8,796,145,19.2,3.1,249,77,6.0,2.0,3441,201,3441,(X),2750,193,79.9,3.3,691,122,20.1,3.3,2.45,0.11,(X),(X),1.89,0.35,(X),(X),3441,201,3441,(X),13,13,0.4,0.4,599,111,17.4,3.1,1184,161,34.4,4.4,707,128,20.5,3.4,430,95,12.5,2.6,508,99,14.8,2.7,3441,201,3441,(X),174,58,5.1,1.6,1011,172,29.4,4.1,1360,134,39.5,3.8,896,119,26.0,3.3,3441,201,3441,(X),35,23,1.0,0.7,316,74,9.2,2.1,468,95,13.6,2.5,2223,191,64.6,4.3,23,25,0.7,0.7,320,103,9.3,2.9,6,11,0.2,0.3,39,41,1.1,1.2,11,17,0.3,0.5,3441,201,3441,(X),9,12,0.3,0.4,34,31,1.0,0.9,19,16,0.6,0.5,3441,201,3441,(X),3433,203,99.8,0.3,8,10,0.2,0.3,0,17,0.0,0.9,2750,193,2750,(X),54,29,2.0,1.1,3,6,0.1,0.2,154,56,5.6,2.0,293,100,10.7,3.5,810,130,29.5,4.1,967,126,35.2,4.0,404,86,14.7,3.1,65,33,2.4,1.2,309100,15564,(X),(X),2750,193,2750,(X),1902,155,69.2,3.9,848,131,30.8,3.9,1902,155,1902,(X),9,12,0.5,0.7,129,44,6.8,2.3,415,103,21.8,5.2,502,95,26.4,4.6,349,89,18.3,4.3,223,61,11.7,3.0,275,65,14.5,3.4,1912,83,(X),(X),848,131,848,(X),3,5,0.4,0.6,16,16,1.9,1.8,40,23,4.7,2.7,234,68,27.6,6.6,210,61,24.8,6.1,345,77,40.7,6.6,900,61,(X),(X),1902,155,1902,(X),752,126,39.5,6.1,242,75,12.7,3.7,144,46,7.6,2.4,155,49,8.1,2.5,609,115,32.0,5.2,0,17,(X),(X),838,129,838,(X),203,55,24.2,5.8,187,70,22.3,7.5,98,42,11.7,4.8,61,32,7.3,3.9,104,50,12.4,5.5,55,29,6.6,3.4,130,59,15.5,6.0,10,13,(X),(X),598,119,598,(X),89,30,14.9,5.8,232,82,38.8,10.4,165,55,27.6,8.8,104,70,17.4,9.9,8,12,1.3,2.1,0,17,0.0,5.3,0,17,0.0,5.3,958,108,(X),(X),93,61,(X),(X),590,119,590,(X),161,63,27.3,9.8,89,68,15.1,10.2,59,34,10.0,5.5,72,34,12.2,5.6,34,19,5.8,3.1,175,63,29.7,9.1,101,62,(X),(X)
0600000US0900549460,0900549460,"Morris town, Litchfield County, Connecticut",1292,59,1292,(X),917,73,71.0,5.1,375,69,29.0,5.1,0.0,4.1,(X),(X),6.9,10.3,(X),(X),1292,59,1292,(X),1147,70,88.8,3.5,36,26,2.8,2.0,38,23,2.9,1.8,24,19,1.9,1.5,30,29,2.3,2.3,17,27,1.3,2.1,0,12,0.0,2.5,0,12,0.0,2.5,0,12,0.0,2.5,1292,59,1292,(X),0,12,0.0,2.5,14,21,1.1,1.7,160,50,12.4,3.9,118,44,9.1,3.4,110,43,8.5,3.3,134,48,10.4,3.7,83,38,6.4,2.9,155,45,12.0,3.5,85,39,6.6,3.1,433,80,33.5,5.7,1292,59,1292,(X),12,20,0.9,1.6,51,40,3.9,3.1,135,48,10.4,3.7,179,60,13.9,4.7,196,57,15.2,4.3,172,54,13.3,4.2,205,47,15.9,3.7,181,56,14.0,4.3,161,40,12.5,3.1,5.9,0.4,(X),(X),1292,59,1292,(X),12,20,0.9,1.6,158,60,12.2,4.6,297,72,23.0,5.7,467,79,36.1,5.9,247,69,19.1,5.2,111,43,8.6,3.3,917,73,917,(X),768,66,83.8,4.8,149,48,16.2,4.8,2.67,0.17,(X),(X),1.78,0.31,(X),(X),917,73,917,(X),0,12,0.0,3.5,162,44,17.7,4.5,331,65,36.1,6.2,168,47,18.3,5.0,112,41,12.2,4.3,144,34,15.7,3.8,917,73,917,(X),27,18,2.9,2.0,200,60,21.8,6.1,356,75,38.8,7.1,334,51,36.4,5.8,917,73,917,(X),12,14,1.3,1.5,104,39,11.3,4.1,71,28,7.7,3.1,620,73,67.6,5.9,5,8,0.5,0.9,101,32,11.0,3.3,0,12,0.0,3.5,4,6,0.4,0.6,0,12,0.0,3.5,917,73,917,(X),0,12,0.0,3.5,5,7,0.5,0.8,8,9,0.9,1.0,917,73,917,(X),917,73,100.0,3.5,0,12,0.0,3.5,0,12,0.0,3.5,768,66,768,(X),19,12,2.5,1.6,5,7,0.7,1.0,23,15,3.0,2.0,44,30,5.7,3.8,149,34,19.4,4.4,312,64,40.6,7.1,180,47,23.4,6.0,36,25,4.7,3.1,362900,19140,(X),(X),768,66,768,(X),548,59,71.4,6.1,220,54,28.6,6.1,548,59,548,(X),0,12,0.0,5.8,23,17,4.2,2.9,84,36,15.3,6.0,89,39,16.2,6.6,127,39,23.2,6.9,79,26,14.4,4.5,146,35,26.6,6.7,2307,145,(X),(X),220,54,220,(X),0,12,0.0,13.7,0,12,0.0,13.7,36,18,16.4,7.9,45,27,20.5,11.5,50,28,22.7,12.6,89,40,40.5,13.6,949,72,(X),(X),548,59,548,(X),146,33,26.6,6.3,115,48,21.0,8.3,64,30,11.7,5.1,65,32,11.9,5.4,158,39,28.8,7.0,0,12,(X),(X),220,54,220,(X),33,19,15.0,8.1,52,27,23.6,12.8,19,14,8.6,6.7,23,15,10.5,6.8,15,12,6.8,5.7,15,13,6.8,5.6,63,40,28.6,14.5,0,12,(X),(X),140,48,140,(X),5,7,3.6,5.0,85,39,60.7,17.2,24,17,17.1,11.9,22,16,15.7,11.2,0,12,0.0,20.5,0,12,0.0,20.5,4,7,2.9,4.7,808,171,(X),(X),9,11,(X),(X),135,47,135,(X),8,10,5.9,7.3,52,36,38.5,22.3,27,21,20.0,14.5,9,10,6.7,7.9,0,12,0.0,21.2,39,27,28.9,18.3,14,13,(X),(X)
0600000US0900551350,0900551350,"New Hartford town, Litchfield County, Connecticut",2906,228,2906,(X),2632,153,90.6,4.8,274,153,9.4,4.8,4.4,4.2,(X),(X),0.0,10.8,(X),(X),2906,228,2906,(X),2658,235,91.5,4.4,44,43,1.5,1.5,21,34,0.7,1.2,152,117,5.2,3.9,31,36,1.1,1.2,0,17,0.0,1.1,0,17,0.0,1.1,0,17,0.0,1.1,0,17,0.0,1.1,2906,228,2906,(X),0,17,0.0,1.1,32,37,1.1,1.3,314,101,10.8,3.4,281,145,9.7,4.9,387,122,13.3,4.1,552,180,19.0,5.7,449,174,15.5,5.9,218,113,7.5,3.8,99,84,3.4,2.8,574,184,19.8,6.6,2906,228,2906,(X),18,28,0.6,1.0,0,17,0.0,1.1,110,94,3.8,3.2,71,61,2.4,2.1,584,226,20.1,7.2,629,169,21.6,5.8,678,179,23.3,5.7,394,151,13.6,5.4,422,115,14.5,3.8,6.6,0.3,(X),(X),2906,228,2906,(X),18,28,0.6,1.0,110,94,3.8,3.2,561,206,19.3,6.6,1572,248,54.1,7.1,545,164,18.8,6.1,100,58,3.4,2.0,2632,153,2632,(X),2349,189,89.2,5.2,283,139,10.8,5.2,2.64,0.17,(X),(X),2.18,0.47,(X),(X),2632,153,2632,(X),0,17,0.0,1.2,463,170,17.6,6.2,714,184,27.1,6.6,772,170,29.3,6.9,349,100,13.3,3.7,334,117,12.7,4.3,2632,153,2632,(X),32,36,1.2,1.4,653,171,24.8,5.8,986,187,37.5,6.7,961,167,36.5,6.8,2632,153,2632,(X),91,90,3.5,3.5,81,55,3.1,2.1,349,156,13.3,5.8,1916,243,72.8,7.1,0,17,0.0,1.2,179,77,6.8,3.0,0,17,0.0,1.2,16,26,0.6,1.0,0,17,0.0,1.2,2632,153,2632,(X),0,17,0.0,1.2,0,17,0.0,1.2,0,17,0.0,1.2,2632,153,2632,(X),2614,155,99.3,1.1,0,17,0.0,1.2,18,28,0.7,1.1,2349,189,2349,(X),32,35,1.4,1.5,22,34,0.9,1.4,123,105,5.2,4.3,427,148,18.2,5.8,732,137,31.2,5.5,822,150,35.0,6.4,191,87,8.1,3.6,0,17,0.0,1.4,278400,21744,(X),(X),2349,189,2349,(X),1752,192,74.6,6.2,597,158,25.4,6.2,1752,192,1752,(X),0,17,0.0,1.8,169,120,9.6,6.4,281,110,16.0,6.0,615,217,35.1,11.2,385,133,22.0,7.9,122,70,7.0,4.0,180,80,10.3,4.6,1812,150,(X),(X),597,158,597,(X),0,17,0.0,5.3,30,34,5.0,5.5,121,64,20.3,9.7,162,92,27.1,13.0,49,46,8.2,7.5,235,97,39.4,12.7,780,193,(X),(X),1752,192,1752,(X),581,142,33.2,7.5,345,113,19.7,6.5,217,107,12.4,6.1,222,108,12.7,6.3,387,149,22.1,7.2,0,17,(X),(X),597,158,597,(X),209,93,35.0,12.2,122,76,20.4,12.3,45,42,7.5,7.2,53,58,8.9,9.7,34,39,5.7,6.2,18,29,3.0,4.8,116,66,19.4,9.1,0,17,(X),(X),254,137,254,(X),18,30,7.1,12.0,218,130,85.8,15.5,18,26,7.1,10.9,0,17,0.0,12.0,0,17,0.0,12.0,0,17,0.0,12.0,0,17,0.0,12.0,923,130,(X),(X),29,34,(X),(X),254,137,254,(X),57,50,22.4,19.0,16,27,6.3,10.1,89,101,35.0,32.1,0,17,0.0,12.0,15,25,5.9,10.1,77,91,30.3,32.1,29,34,(X),(X)
0600000US0900552630,0900552630,"New Milford town, Litchfield County, Connecticut",11592,314,11592,(X),10494,269,90.5,2.1,1098,258,9.5,2.1,1.2,1.1,(X),(X),5.4,3.1,(X),(X),11592,314,11592,(X),8625,339,74.4,2.1,408,121,3.5,1.0,414,144,3.6,1.2,517,167,4.5,1.4,637,156,5.5,1.3,561,130,4.8,1.1,400,119,3.5,1.0,30,44,0.3,0.4,0,22,0.0,0.3,11592,314,11592,(X),0,22,0.0,0.3,72,55,0.6,0.5,1254,224,10.8,1.9,1341,236,11.6,2.0,2017,301,17.4,2.5,2159,269,18.6,2.3,1666,281,14.4,2.4,1093,212,9.4,1.8,262,106,2.3,0.9,1728,275,14.9,2.3,11592,314,11592,(X),140,93,1.2,0.8,305,142,2.6,1.2,888,175,7.7,1.5,1454,218,12.5,1.8,1572,256,13.6,2.2,1863,285,16.1,2.4,2006,285,17.3,2.4,1460,246,12.6,2.1,1904,249,16.4,2.2,6.3,0.2,(X),(X),11592,314,11592,(X),153,93,1.3,0.8,1340,190,11.6,1.6,2627,268,22.7,2.2,4325,377,37.3,2.9,2833,276,24.4,2.5,314,123,2.7,1.1,10494,269,10494,(X),8295,359,79.0,2.4,2199,254,21.0,2.4,2.72,0.08,(X),(X),2.20,0.20,(X),(X),10494,269,10494,(X),82,62,0.8,0.6,2195,289,20.9,2.8,3971,356,37.8,3.3,2163,240,20.6,2.1,1180,202,11.2,1.9,903,182,8.6,1.7,10494,269,10494,(X),513,127,4.9,1.2,2778,330,26.5,2.9,4582,357,43.7,3.5,2621,278,25.0,2.6,10494,269,10494,(X),301,120,2.9,1.2,467,143,4.5,1.4,2825,281,26.9,2.6,6241,355,59.5,2.8,7,10,0.1,0.1,541,152,5.2,1.4,6,11,0.1,0.1,82,56,0.8,0.5,24,26,0.2,0.2,10494,269,10494,(X),47,52,0.4,0.5,23,37,0.2,0.3,92,51,0.9,0.5,10494,269,10494,(X),10434,276,99.4,0.4,55,39,0.5,0.4,5,9,0.0,0.1,8295,359,8295,(X),263,94,3.2,1.1,237,87,2.9,1.1,443,148,5.3,1.7,817,166,9.8,1.9,2603,317,31.4,3.5,3002,350,36.2,4.1,668,152,8.1,1.8,262,119,3.2,1.4,292200,10382,(X),(X),8295,359,8295,(X),6351,344,76.6,2.7,1944,246,23.4,2.7,6351,344,6351,(X),28,26,0.4,0.4,316,99,5.0,1.5,1003,169,15.8,2.6,1523,236,24.0,3.6,1251,270,19.7,3.9,999,222,15.7,3.3,1231,223,19.4,3.4,2122,93,(X),(X),1944,246,1944,(X),43,37,2.2,1.9,45,38,2.3,1.9,361,117,18.6,5.8,413,123,21.2,5.4,475,147,24.4,7.0,607,157,31.2,6.8,845,52,(X),(X),6324,341,6324,(X),2047,254,32.4,3.8,1048,236,16.6,3.6,869,178,13.7,2.7,483,147,7.6,2.3,1877,242,29.7,3.2,27,31,(X),(X),1944,246,1944,(X),468,136,24.1,6.4,541,155,27.8,7.1,116,62,6.0,3.1,187,93,9.6,4.6,87,59,4.5,3.0,97,52,5.0,2.7,448,120,23.0,5.6,0,22,(X),(X),2091,244,2091,(X),84,63,4.0,3.0,682,160,32.6,7.2,944,211,45.1,8.4,244,98,11.7,4.2,79,49,3.8,2.2,58,66,2.8,3.1,0,22,0.0,1.5,1143,67,(X),(X),108,71,(X),(X),2057,245,2057,(X),105,68,5.1,3.3,212,113,10.3,5.3,288,122,14.0,5.7,231,91,11.2,4.3,198,77,9.6,3.6,1023,178,49.7,6.5,142,78,(X),(X)
0600000US0900553470,0900553470,"Norfolk town, Litchfield County, Connecticut",940,63,940,(X),664,54,70.6,4.3,276,48,29.4,4.3,3.9,3.5,(X),(X),0.0,17.0,(X),(X),940,63,940,(X),716,58,76.2,4.7,31,16,3.3,1.8,58,33,6.2,3.4,42,28,4.5,3.0,49,27,5.2,2.8,4,5,0.4,0.6,40,13,4.3,1.4,0,12,0.0,3.4,0,12,0.0,3.4,940,63,940,(X),0,12,0.0,3.4,0,12,0.0,3.4,24,15,2.6,1.6,20,18,2.1,1.9,145,34,15.4,3.5,126,40,13.4,4.2,50,24,5.3,2.5,111,37,11.8,3.8,19,12,2.0,1.2,445,56,47.3,5.1,940,63,940,(X),18,16,1.9,1.7,17,13,1.8,1.3,76,34,8.1,3.6,76,34,8.1,3.7,153,45,16.3,4.6,161,41,17.1,3.9,146,37,15.5,3.9,122,38,13.0,3.9,171,37,18.2,4.2,6.3,0.4,(X),(X),940,63,940,(X),21,16,2.2,1.7,135,46,14.4,4.7,144,38,15.3,4.0,315,63,33.5,6.1,210,47,22.3,5.1,115,32,12.2,3.5,664,54,664,(X),490,49,73.8,6.1,174,46,26.2,6.1,2.53,0.23,(X),(X),1.74,0.41,(X),(X),664,54,664,(X),9,8,1.4,1.3,76,25,11.4,3.7,227,49,34.2,6.7,176,39,26.5,5.8,118,31,17.8,4.4,58,26,8.7,3.9,664,54,664,(X),19,24,2.9,3.6,253,52,38.1,6.7,210,41,31.6,6.0,182,38,27.4,5.4,664,54,664,(X),11,10,1.7,1.6,54,28,8.1,4.1,36,27,5.4,3.9,478,58,72.0,7.0,11,7,1.7,1.1,67,27,10.1,4.2,0,12,0.0,4.8,7,7,1.1,1.0,0,12,0.0,4.8,664,54,664,(X),0,12,0.0,4.8,3,4,0.5,0.6,11,9,1.7,1.4,664,54,664,(X),664,54,100.0,4.8,0,12,0.0,4.8,0,12,0.0,4.8,490,49,490,(X),7,8,1.4,1.6,6,7,1.2,1.4,35,22,7.1,4.3,75,23,15.3,4.7,125,37,25.5,6.1,130,32,26.5,6.5,74,29,15.1,5.8,38,20,7.8,4.1,297800,29855,(X),(X),490,49,490,(X),307,42,62.7,6.6,183,39,37.3,6.6,307,42,307,(X),8,7,2.6,2.2,21,13,6.8,4.3,55,21,17.9,6.2,71,21,23.1,7.1,72,30,23.5,8.2,13,11,4.2,3.5,67,23,21.8,7.1,1989,171,(X),(X),183,39,183,(X),0,12,0.0,16.2,0,12,0.0,16.2,25,13,13.7,6.9,47,23,25.7,11.1,29,18,15.8,9.3,82,33,44.8,13.2,941,147,(X),(X),307,42,307,(X),82,23,26.7,8.0,32,23,10.4,6.9,41,22,13.4,6.3,41,16,13.4,5.1,111,31,36.2,9.0,0,12,(X),(X),180,39,180,(X),78,30,43.3,14.7,41,24,22.8,12.0,19,13,10.6,7.0,15,9,8.3,5.1,4,6,2.2,3.2,3,5,1.7,2.6,20,16,11.1,7.9,3,5,(X),(X),166,47,166,(X),25,14,15.1,8.6,102,38,61.4,13.8,39,23,23.5,12.6,0,12,0.0,17.7,0,12,0.0,17.7,0,12,0.0,17.7,0,12,0.0,17.7,725,105,(X),(X),8,10,(X),(X),166,47,166,(X),27,25,16.3,13.4,11,18,6.6,11.0,14,11,8.4,6.8,38,21,22.9,11.7,31,24,18.7,14.4,45,28,27.1,16.2,8,10,(X),(X)
0600000US0900554030,0900554030,"North Canaan town, Litchfield County, Connecticut",1558,117,1558,(X),1304,88,83.7,5.0,254,88,16.3,5.0,4.3,3.5,(X),(X),4.6,5.4,(X),(X),1558,117,1558,(X),1254,141,80.5,5.8,19,23,1.2,1.5,92,57,5.9,3.7,80,52,5.1,3.4,16,17,1.0,1.1,82,53,5.3,3.4,15,17,1.0,1.1,0,12,0.0,2.1,0,12,0.0,2.1,1558,117,1558,(X),0,12,0.0,2.1,0,12,0.0,2.1,50,46,3.2,2.9,99,62,6.4,4.1,135,80,8.7,5.0,151,71,9.7,4.5,118,70,7.6,4.5,266,93,17.1,5.8,123,69,7.9,4.1,616,122,39.5,7.7,1558,117,1558,(X),9,13,0.6,0.8,8,14,0.5,0.9,97,60,6.2,3.8,159,88,10.2,5.4,388,118,24.9,7.4,362,114,23.2,6.9,199,84,12.8,5.6,157,76,10.1,4.8,179,81,11.5,5.1,5.8,0.3,(X),(X),1558,117,1558,(X),9,13,0.6,0.8,115,63,7.4,4.0,490,124,31.5,7.1,606,138,38.9,9.0,217,105,13.9,6.6,121,65,7.8,4.1,1304,88,1304,(X),969,125,74.3,8.3,335,111,25.7,8.3,2.43,0.16,(X),(X),2.25,0.40,(X),(X),1304,88,1304,(X),0,12,0.0,2.5,363,125,27.8,9.1,392,88,30.1,7.2,210,94,16.1,7.2,147,58,11.3,4.4,192,85,14.7,6.3,1304,88,1304,(X),87,56,6.7,4.3,292,98,22.4,7.2,677,117,51.9,8.0,248,87,19.0,6.8,1304,88,1304,(X),21,25,1.6,1.9,28,23,2.1,1.7,165,83,12.7,6.2,884,112,67.8,8.0,0,12,0.0,2.5,169,74,13.0,5.6,0,12,0.0,2.5,37,45,2.8,3.4,0,12,0.0,2.5,1304,88,1304,(X),0,12,0.0,2.5,0,12,0.0,2.5,0,12,0.0,2.5,1304,88,1304,(X),1304,88,100.0,2.5,0,12,0.0,2.5,0,12,0.0,2.5,969,125,969,(X),22,22,2.3,2.2,21,23,2.2,2.5,42,36,4.3,3.6,294,110,30.3,10.3,496,118,51.2,10.7,42,44,4.3,4.5,32,25,3.3,2.5,20,28,2.1,2.8,217900,14348,(X),(X),969,125,969,(X),735,130,75.9,8.3,234,84,24.1,8.3,735,130,735,(X),0,12,0.0,4.3,102,57,13.9,7.2,153,77,20.8,9.5,314,109,42.7,12.7,88,55,12.0,7.4,50,39,6.8,5.3,28,30,3.8,3.9,1646,103,(X),(X),234,84,234,(X),7,10,3.0,4.3,14,15,6.0,6.3,106,56,45.3,18.3,41,28,17.5,12.3,59,55,25.2,19.3,7,11,3.0,4.9,574,154,(X),(X),721,134,721,(X),310,119,43.0,12.2,124,66,17.2,9.4,99,65,13.7,8.8,34,32,4.7,4.5,154,67,21.4,8.5,14,21,(X),(X),234,84,234,(X),65,52,27.8,19.9,22,18,9.4,7.5,18,20,7.7,8.6,7,11,3.0,4.8,26,41,11.1,16.8,34,25,14.5,10.7,62,53,26.5,20.9,0,12,(X),(X),328,109,328,(X),15,17,4.6,5.5,112,54,34.1,17.4,156,95,47.6,18.6,33,30,10.1,9.1,0,12,0.0,9.4,0,12,0.0,9.4,12,16,3.7,4.8,1110,166,(X),(X),7,13,(X),(X),328,109,328,(X),47,39,14.3,11.8,0,12,0.0,9.4,36,29,11.0,10.5,29,35,8.8,10.4,22,22,6.7,6.8,194,101,59.1,18.8,7,13,(X),(X)
0600000US0900560750,0900560750,"Plymouth town, Litchfield County, Connecticut",5127,172,5127,(X),4690,150,91.5,2.6,437,139,8.5,2.6,2.7,2.1,(X),(X),4.9,5.5,(X),(X),5127,172,5127,(X),3931,209,76.7,2.8,201,71,3.9,1.4,256,103,5.0,2.0,264,102,5.1,2.0,267,96,5.2,1.9,66,64,1.3,1.2,41,32,0.8,0.6,101,55,2.0,1.1,0,19,0.0,0.6,5127,172,5127,(X),0,19,0.0,0.6,18,19,0.4,0.4,562,123,11.0,2.3,401,106,7.8,2.1,777,139,15.2,2.7,565,121,11.0,2.2,571,124,11.1,2.4,778,145,15.2,2.8,441,101,8.6,2.0,1014,156,19.8,3.0,5127,172,5127,(X),66,47,1.3,0.9,82,61,1.6,1.2,183,69,3.6,1.3,680,171,13.3,3.3,1370,228,26.7,4.5,1207,183,23.5,3.4,848,165,16.5,3.2,387,84,7.5,1.7,304,91,5.9,1.8,5.7,0.3,(X),(X),5127,172,5127,(X),95,66,1.9,1.3,300,76,5.9,1.5,1386,210,27.0,3.9,2576,208,50.2,4.0,706,124,13.8,2.3,64,42,1.2,0.8,4690,150,4690,(X),3848,162,82.0,3.1,842,157,18.0,3.1,2.63,0.10,(X),(X),2.13,0.29,(X),(X),4690,150,4690,(X),10,15,0.2,0.3,966,165,20.6,3.4,1617,184,34.5,3.6,826,146,17.6,3.2,560,112,11.9,2.4,711,117,15.2,2.5,4690,150,4690,(X),226,89,4.8,1.9,1151,155,24.5,3.1,2032,207,43.3,4.3,1281,166,27.3,3.5,4690,150,4690,(X),792,164,16.9,3.4,265,70,5.7,1.4,823,147,17.5,3.1,2410,207,51.4,4.2,6,10,0.1,0.2,321,94,6.8,2.0,0,19,0.0,0.7,73,41,1.6,0.9,0,19,0.0,0.7,4690,150,4690,(X),26,25,0.6,0.5,8,12,0.2,0.3,27,25,0.6,0.5,4690,150,4690,(X),4673,154,99.6,0.4,17,20,0.4,0.4,0,19,0.0,0.7,3848,162,3848,(X),122,52,3.2,1.3,189,67,4.9,1.7,713,124,18.5,3.2,1040,163,27.0,3.9,1249,167,32.5,4.4,439,85,11.4,2.2,68,55,1.8,1.4,28,22,0.7,0.6,193200,7290,(X),(X),3848,162,3848,(X),2792,163,72.6,3.5,1056,147,27.4,3.5,2792,163,2792,(X),0,19,0.0,1.2,168,66,6.0,2.4,428,100,15.3,3.6,1120,172,40.1,5.3,717,130,25.7,4.6,214,82,7.7,2.9,145,55,5.2,1.9,1811,73,(X),(X),1056,147,1056,(X),21,21,2.0,1.9,20,21,1.9,1.9,202,70,19.1,6.1,462,97,43.8,7.6,217,87,20.5,7.6,134,59,12.7,5.3,736,27,(X),(X),2776,165,2776,(X),759,143,27.3,4.9,401,99,14.4,3.5,560,130,20.2,4.7,289,101,10.4,3.5,767,156,27.6,5.1,16,18,(X),(X),1047,146,1047,(X),266,87,25.4,7.4,241,76,23.0,6.3,116,51,11.1,4.6,139,54,13.3,5.1,85,50,8.1,4.5,26,23,2.5,2.2,174,68,16.6,6.4,9,14,(X),(X),793,154,793,(X),23,22,2.9,2.8,406,125,51.2,11.3,309,100,39.0,11.1,26,28,3.3,3.5,29,38,3.7,4.8,0,19,0.0,4.0,0,19,0.0,4.0,979,57,(X),(X),49,37,(X),(X),741,170,741,(X),77,54,10.4,6.8,126,76,17.0,8.7,82,59,11.1,7.6,120,79,16.2,9.7,49,36,6.6,4.7,287,88,38.7,11.3,101,77,(X),(X)
0600000US0900565930,0900565930,"Roxbury town, Litchfield County, Connecticut",1209,35,1209,(X),922,67,76.3,5.0,287,61,23.7,5.0,4.3,4.1,(X),(X),0.0,21.2,(X),(X),1209,35,1209,(X),1165,43,96.4,2.4,13,11,1.1,0.9,9,12,0.7,1.0,0,12,0.0,2.6,0,12,0.0,2.6,22,29,1.8,2.4,0,12,0.0,2.6,0,12,0.0,2.6,0,12,0.0,2.6,1209,35,1209,(X),0,12,0.0,2.6,16,14,1.3,1.1,136,52,11.2,4.3,165,49,13.6,4.0,206,52,17.0,4.3,239,66,19.8,5.3,70,39,5.8,3.2,47,23,3.9,1.8,48,27,4.0,2.2,282,53,23.3,4.4,1209,35,1209,(X),0,12,0.0,2.6,5,8,0.4,0.6,55,36,4.5,3.0,68,39,5.6,3.2,111,44,9.2,3.6,131,41,10.8,3.4,272,62,22.5,5.2,138,49,11.4,4.0,429,81,35.5,6.6,7.4,0.3,(X),(X),1209,35,1209,(X),0,12,0.0,2.6,76,36,6.3,2.9,124,49,10.3,4.0,541,84,44.7,6.6,398,81,32.9,6.8,70,26,5.8,2.1,922,67,922,(X),787,63,85.4,5.3,135,53,14.6,5.3,2.46,0.14,(X),(X),2.50,0.82,(X),(X),922,67,922,(X),0,12,0.0,3.5,141,51,15.3,5.1,248,61,26.9,6.1,297,54,32.2,6.0,149,45,16.2,4.7,87,30,9.4,3.3,922,67,922,(X),24,17,2.6,1.8,160,40,17.4,4.0,363,64,39.4,6.2,375,67,40.7,6.8,922,67,922,(X),37,33,4.0,3.5,108,49,11.7,5.2,75,36,8.1,3.8,593,62,64.3,6.0,0,12,0.0,3.5,90,30,9.8,3.1,0,12,0.0,3.5,16,14,1.7,1.5,3,4,0.3,0.5,922,67,922,(X),0,12,0.0,3.5,6,9,0.7,1.0,0,12,0.0,3.5,922,67,922,(X),922,67,100.0,3.5,0,12,0.0,3.5,0,12,0.0,3.5,787,63,787,(X),7,10,0.9,1.2,0,12,0.0,4.0,0,12,0.0,4.0,18,16,2.3,1.9,24,18,3.0,2.3,210,41,26.7,5.3,344,59,43.7,6.3,184,45,23.4,5.3,628800,30776,(X),(X),787,63,787,(X),533,71,67.7,6.3,254,50,32.3,6.3,533,71,533,(X),0,12,0.0,5.9,16,15,3.0,2.8,51,26,9.6,4.6,74,29,13.9,5.5,73,25,13.7,4.5,102,43,19.1,7.3,217,52,40.7,7.9,2757,178,(X),(X),254,50,254,(X),0,12,0.0,12.0,0,12,0.0,12.0,15,13,5.9,5.0,61,27,24.0,9.3,42,22,16.5,8.7,136,39,53.5,9.8,1045,133,(X),(X),516,69,516,(X),168,44,32.6,7.5,81,35,15.7,6.2,32,20,6.2,3.9,62,26,12.0,4.8,173,43,33.5,6.5,17,25,(X),(X),249,50,249,(X),120,46,48.2,13.0,50,23,20.1,9.4,17,15,6.8,5.5,10,11,4.0,4.4,16,15,6.4,6.2,4,6,1.6,2.3,32,19,12.9,7.9,5,7,(X),(X),121,53,121,(X),30,28,24.8,19.2,29,18,24.0,15.9,36,35,29.8,23.6,9,11,7.4,9.8,17,19,14.0,14.7,0,12,0.0,23.3,0,12,0.0,23.3,1094,665,(X),(X),14,10,(X),(X),121,53,121,(X),8,10,6.6,7.2,9,11,7.4,9.7,43,36,35.5,24.4,7,12,5.8,9.4,17,28,14.0,21.6,37,19,30.6,17.4,14,10,(X),(X)
0600000US0900566420,0900566420,"Salisbury town, Litchfield County, Connecticut",2439,185,2439,(X),1518,135,62.2,5.0,921,162,37.8,5.0,6.3,5.6,(X),(X),7.1,9.1,(X),(X),2439,185,2439,(X),2016,222,82.7,6.2,66,39,2.7,1.6,159,94,6.5,3.9,52,69,2.1,2.8,137,100,5.6,4.1,0,12,0.0,1.3,0,12,0.0,1.3,9,15,0.4,0.6,0,12,0.0,1.3,2439,185,2439,(X),0,12,0.0,1.3,0,12,0.0,1.3,133,57,5.5,2.3,242,113,9.9,4.5,211,89,8.7,3.5,322,96,13.2,3.8,224,99,9.2,4.0,121,74,5.0,2.9,86,63,3.5,2.6,1100,187,45.1,7.2,2439,185,2439,(X),128,87,5.2,3.4,52,61,2.1,2.5,99,73,4.1,2.9,245,103,10.0,4.1,290,101,11.9,3.9,353,114,14.5,4.5,371,126,15.2,5.3,340,122,13.9,4.9,561,136,23.0,5.7,6.6,0.5,(X),(X),2439,185,2439,(X),150,84,6.2,3.3,127,84,5.2,3.4,389,118,15.9,4.7,997,199,40.9,6.9,576,151,23.6,6.7,200,89,8.2,3.6,1518,135,1518,(X),1033,144,68.1,7.2,485,119,31.9,7.2,2.36,0.19,(X),(X),2.20,0.46,(X),(X),1518,135,1518,(X),9,13,0.6,0.9,235,84,15.5,5.2,587,120,38.7,8.1,316,111,20.8,6.7,187,81,12.3,5.4,184,86,12.1,5.4,1518,135,1518,(X),20,19,1.3,1.2,495,144,32.6,7.8,674,133,44.4,8.7,329,90,21.7,6.3,1518,135,1518,(X),24,24,1.6,1.5,245,70,16.1,4.7,110,61,7.2,4.0,1080,146,71.1,6.4,0,12,0.0,2.1,52,39,3.4,2.6,0,12,0.0,2.1,7,11,0.5,0.7,0,12,0.0,2.1,1518,135,1518,(X),0,12,0.0,2.1,0,12,0.0,2.1,0,12,0.0,2.1,1518,135,1518,(X),1518,135,100.0,2.1,0,12,0.0,2.1,0,12,0.0,2.1,1033,144,1033,(X),15,18,1.5,1.7,9,13,0.9,1.3,19,19,1.8,1.8,65,53,6.3,4.9,212,91,20.5,7.8,236,71,22.8,6.9,305,96,29.5,8.6,172,64,16.7,6.0,458400,77728,(X),(X),1033,144,1033,(X),586,108,56.7,7.7,447,107,43.3,7.7,586,108,586,(X),0,12,0.0,5.4,17,17,2.9,2.8,108,51,18.4,8.3,217,77,37.0,11.9,46,40,7.8,7.0,48,41,8.2,6.5,150,71,25.6,10.7,1730,285,(X),(X),447,107,447,(X),6,10,1.3,2.0,15,17,3.4,3.8,42,36,9.4,7.5,58,33,13.0,6.8,94,46,21.0,9.5,232,80,51.9,12.4,1020,108,(X),(X),586,108,586,(X),156,64,26.6,10.7,110,57,18.8,9.5,97,49,16.6,7.8,40,38,6.8,6.3,183,78,31.2,11.1,0,12,(X),(X),447,107,447,(X),172,63,38.5,11.2,62,36,13.9,7.1,70,47,15.7,9.4,24,32,5.4,6.8,24,20,5.4,4.4,12,13,2.7,2.9,83,39,18.6,7.9,0,12,(X),(X),401,133,401,(X),9,13,2.2,3.2,139,83,34.7,19.3,191,113,47.6,20.4,47,38,11.7,9.2,6,10,1.5,2.7,9,13,2.2,3.3,0,12,0.0,7.8,1072,82,(X),(X),84,65,(X),(X),401,133,401,(X),106,80,26.4,17.6,55,60,13.7,13.8,95,65,23.7,15.2,0,12,0.0,7.8,8,12,2.0,3.0,137,80,34.2,18.0,84,65,(X),(X)
0600000US0900567960,0900567960,"Sharon town, Litchfield County, Connecticut",1943,143,1943,(X),1249,123,64.3,4.5,694,104,35.7,4.5,0.0,2.9,(X),(X),0.0,15.3,(X),(X),1943,143,1943,(X),1779,154,91.6,4.2,0,12,0.0,1.7,123,80,6.3,4.1,31,51,1.6,2.6,10,17,0.5,0.9,0,12,0.0,1.7,0,12,0.0,1.7,0,12,0.0,1.7,0,12,0.0,1.7,1943,143,1943,(X),0,12,0.0,1.7,9,15,0.5,0.8,93,55,4.8,2.8,91,44,4.7,2.2,206,90,10.6,4.5,166,61,8.5,3.0,238,115,12.2,5.8,161,87,8.3,4.5,106,64,5.5,3.3,873,176,44.9,8.4,1943,143,1943,(X),45,56,2.3,2.9,7,12,0.4,0.6,43,33,2.2,1.7,128,66,6.6,3.2,251,109,12.9,5.8,327,96,16.8,5.0,499,140,25.7,6.5,335,128,17.2,6.2,308,91,15.9,4.7,6.8,0.3,(X),(X),1943,143,1943,(X),45,56,2.3,2.9,29,28,1.5,1.4,348,97,17.9,4.7,997,155,51.3,6.9,403,119,20.7,5.9,121,81,6.2,4.2,1249,123,1249,(X),1081,119,86.5,4.3,168,57,13.5,4.3,2.06,0.22,(X),(X),2.25,0.39,(X),(X),1249,123,1249,(X),0,12,0.0,2.6,159,68,12.7,4.9,431,122,34.5,9.2,245,89,19.6,6.7,118,56,9.4,4.5,296,103,23.7,8.2,1249,123,1249,(X),8,13,0.6,1.0,305,100,24.4,6.8,543,97,43.5,7.2,393,104,31.5,8.2,1249,123,1249,(X),8,13,0.6,1.0,162,57,13.0,4.5,81,46,6.5,3.6,860,122,68.9,6.2,0,12,0.0,2.6,123,58,9.8,4.5,0,12,0.0,2.6,15,18,1.2,1.4,0,12,0.0,2.6,1249,123,1249,(X),0,12,0.0,2.6,0,12,0.0,2.6,7,12,0.6,1.0,1249,123,1249,(X),1219,120,97.6,2.1,30,26,2.4,2.1,0,12,0.0,2.6,1081,119,1081,(X),0,12,0.0,3.0,11,16,1.0,1.5,32,27,3.0,2.6,44,35,4.1,3.1,266,91,24.6,7.9,321,102,29.7,8.7,283,100,26.2,8.5,124,48,11.5,4.6,427000,50134,(X),(X),1081,119,1081,(X),592,125,54.8,9.4,489,112,45.2,9.4,592,125,592,(X),0,12,0.0,5.3,36,26,6.1,4.3,90,62,15.2,10.2,127,76,21.5,12.0,157,77,26.5,10.4,47,33,7.9,5.5,135,58,22.8,8.8,2137,209,(X),(X),489,112,489,(X),0,12,0.0,6.4,45,34,9.2,7.0,57,51,11.7,10.0,144,55,29.4,11.0,95,55,19.4,11.2,148,87,30.3,13.6,798,239,(X),(X),592,125,592,(X),184,64,31.1,10.2,79,47,13.3,7.7,136,64,23.0,9.5,33,31,5.6,5.0,160,78,27.0,10.7,0,12,(X),(X),481,113,481,(X),190,81,39.5,14.5,55,34,11.4,7.4,61,46,12.7,9.3,67,62,13.9,11.6,0,12,0.0,6.5,21,25,4.4,5.2,87,51,18.1,10.3,8,13,(X),(X),102,48,102,(X),0,12,0.0,26.7,18,21,17.6,19.4,84,44,82.4,19.4,0,12,0.0,26.7,0,12,0.0,26.7,0,12,0.0,26.7,0,12,0.0,26.7,1135,79,(X),(X),66,43,(X),(X),102,48,102,(X),19,22,18.6,19.4,18,21,17.6,19.4,0,12,0.0,26.7,14,20,13.7,19.2,0,12,0.0,26.7,51,35,50.0,26.5,66,43,(X),(X)
0600000US0900575730,0900575730,"Thomaston town, Litchfield County, Connecticut",3104,170,3104,(X),2982,151,96.1,2.6,122,83,3.9,2.6,1.5,1.9,(X),(X),0.0,5.0,(X),(X),3104,170,3104,(X),2227,152,71.7,4.3,177,93,5.7,2.9,161,69,5.2,2.2,168,86,5.4,2.7,164,67,5.3,2.1,47,42,1.5,1.4,143,76,4.6,2.4,17,20,0.5,0.6,0,17,0.0,1.0,3104,170,3104,(X),0,17,0.0,1.0,22,20,0.7,0.7,218,103,7.0,3.3,365,89,11.8,2.8,521,115,16.8,3.7,249,76,8.0,2.4,343,86,11.1,2.7,481,115,15.5,3.6,127,51,4.1,1.6,778,123,25.1,3.4,3104,170,3104,(X),76,73,2.4,2.3,53,50,1.7,1.6,120,67,3.9,2.1,396,106,12.8,3.4,693,156,22.3,4.5,681,127,21.9,4.0,495,95,15.9,3.1,360,89,11.6,2.9,230,76,7.4,2.5,5.8,0.2,(X),(X),3104,170,3104,(X),76,73,2.4,2.3,189,77,6.1,2.5,779,157,25.1,4.4,1387,167,44.7,5.2,561,107,18.1,3.5,112,55,3.6,1.8,2982,151,2982,(X),2346,160,78.7,4.2,636,133,21.3,4.2,2.80,0.16,(X),(X),1.82,0.27,(X),(X),2982,151,2982,(X),5,8,0.2,0.3,556,108,18.6,3.5,1190,182,39.9,5.4,601,119,20.2,3.9,202,61,6.8,2.0,428,82,14.4,2.7,2982,151,2982,(X),148,88,5.0,2.9,870,147,29.2,4.2,1100,148,36.9,4.6,864,112,29.0,4.2,2982,151,2982,(X),732,146,24.5,4.5,115,68,3.9,2.3,501,102,16.8,3.1,1466,150,49.2,5.0,16,20,0.5,0.7,130,55,4.4,1.8,0,17,0.0,1.1,22,21,0.7,0.7,0,17,0.0,1.1,2982,151,2982,(X),0,17,0.0,1.1,0,17,0.0,1.1,0,17,0.0,1.1,2982,151,2982,(X),2965,159,99.4,0.6,17,17,0.6,0.6,0,17,0.0,1.1,2346,160,2346,(X),41,32,1.7,1.3,188,74,8.0,3.0,345,109,14.7,4.5,544,116,23.2,4.7,705,130,30.1,5.1,523,103,22.3,4.2,0,17,0.0,1.4,0,17,0.0,1.4,209200,16812,(X),(X),2346,160,2346,(X),1740,134,74.2,3.9,606,109,25.8,3.9,1740,134,1740,(X),16,19,0.9,1.1,172,70,9.9,3.9,425,95,24.4,5.2,440,113,25.3,6.2,380,97,21.8,5.2,182,56,10.5,3.3,125,75,7.2,4.2,1764,113,(X),(X),606,109,606,(X),0,17,0.0,5.2,16,19,2.6,3.1,113,53,18.6,8.4,213,74,35.1,10.6,194,81,32.0,11.1,70,40,11.6,6.0,767,54,(X),(X),1733,133,1733,(X),595,112,34.3,6.3,318,79,18.3,4.3,264,83,15.2,4.9,127,64,7.3,3.6,429,117,24.8,6.2,7,11,(X),(X),606,109,606,(X),128,52,21.1,8.3,117,45,19.3,6.9,93,43,15.3,7.0,87,69,14.4,10.3,37,30,6.1,4.8,68,44,11.2,6.9,76,42,12.5,6.2,0,17,(X),(X),590,122,590,(X),66,43,11.2,7.0,336,92,56.9,10.9,137,64,23.2,9.2,40,30,6.8,4.8,0,17,0.0,5.4,0,17,0.0,5.4,11,18,1.9,3.1,837,55,(X),(X),46,43,(X),(X),574,121,574,(X),35,29,6.1,4.7,74,49,12.9,8.4,87,54,15.2,8.9,105,79,18.3,13.0,55,40,9.6,6.8,218,90,38.0,14.4,62,46,(X),(X)
0600000US0900576570,0900576570,"Torrington town, Litchfield County, Connecticut",17195,423,17195,(X),15023,388,87.4,1.9,2172,352,12.6,1.9,2.8,1.2,(X),(X),5.1,2.3,(X),(X),17195,423,17195,(X),9308,372,54.1,1.7,933,190,5.4,1.1,2691,339,15.6,1.9,1976,297,11.5,1.7,714,161,4.2,0.9,545,127,3.2,0.7,967,216,5.6,1.3,28,25,0.2,0.1,33,37,0.2,0.2,17195,423,17195,(X),0,25,0.0,0.2,29,29,0.2,0.2,651,125,3.8,0.7,1419,193,8.3,1.1,2055,197,12.0,1.1,2541,284,14.8,1.6,1630,253,9.5,1.4,2452,252,14.3,1.4,1429,267,8.3,1.6,4989,361,29.0,1.9,17195,423,17195,(X),475,154,2.8,0.9,359,124,2.1,0.7,1144,240,6.7,1.4,2808,336,16.3,1.9,4597,418,26.7,2.3,3876,315,22.5,1.8,2050,227,11.9,1.3,1022,178,5.9,1.0,864,164,5.0,1.0,5.3,0.1,(X),(X),17195,423,17195,(X),535,154,3.1,0.9,1941,276,11.3,1.6,5840,424,34.0,2.3,6757,395,39.3,2.1,1825,232,10.6,1.4,297,101,1.7,0.6,15023,388,15023,(X),9975,379,66.4,2.3,5048,396,33.6,2.3,2.41,0.07,(X),(X),2.08,0.13,(X),(X),15023,388,15023,(X),188,94,1.3,0.6,3600,307,24.0,1.8,5974,336,39.8,2.1,2178,227,14.5,1.5,1295,213,8.6,1.4,1788,185,11.9,1.2,15023,388,15023,(X),1543,250,10.3,1.6,5246,353,34.9,2.1,5463,376,36.4,2.3,2771,235,18.4,1.7,15023,388,15023,(X),5191,349,34.6,2.0,450,103,3.0,0.7,2469,254,16.4,1.6,6347,365,42.2,2.4,45,39,0.3,0.3,426,118,2.8,0.8,0,25,0.0,0.2,46,32,0.3,0.2,49,41,0.3,0.3,15023,388,15023,(X),38,34,0.3,0.2,195,74,1.3,0.5,303,131,2.0,0.9,15023,388,15023,(X),14744,397,98.1,0.6,220,82,1.5,0.5,59,42,0.4,0.3,9975,379,9975,(X),280,108,2.8,1.1,812,165,8.1,1.6,2650,294,26.6,2.6,3169,306,31.8,3.1,2404,284,24.1,2.6,550,110,5.5,1.1,105,58,1.1,0.6,5,8,0.1,0.1,167700,3124,(X),(X),9975,379,9975,(X),6844,319,68.6,2.3,3131,277,31.4,2.3,6844,319,6844,(X),93,49,1.4,0.7,647,152,9.5,2.2,2092,291,30.6,3.8,2337,252,34.1,3.6,945,161,13.8,2.2,483,136,7.1,1.9,247,90,3.6,1.3,1619,48,(X),(X),3131,277,3131,(X),40,30,1.3,1.0,176,91,5.6,2.8,651,129,20.8,3.7,1111,165,35.5,4.3,736,140,23.5,4.1,417,106,13.3,3.0,727,21,(X),(X),6825,324,6825,(X),2234,226,32.7,3.2,1122,175,16.4,2.4,894,151,13.1,2.1,741,146,10.9,2.1,1834,253,26.9,3.4,19,21,(X),(X),3107,277,3107,(X),671,129,21.6,3.6,482,110,15.5,3.6,437,108,14.1,3.1,327,88,10.5,2.6,261,80,8.4,2.5,163,62,5.2,2.0,766,160,24.7,4.2,24,21,(X),(X),4785,385,4785,(X),696,146,14.5,3.0,2590,305,54.1,4.5,1260,212,26.3,3.7,205,78,4.3,1.6,34,38,0.7,0.8,0,25,0.0,0.7,0,25,0.0,0.7,873,31,(X),(X),263,105,(X),(X),4651,387,4651,(X),704,166,15.1,3.4,291,107,6.3,2.3,812,209,17.5,4.0,586,194,12.6,3.9,412,120,8.9,2.6,1846,272,39.7,5.3,397,120,(X),(X)
0600000US0900579510,0900579510,"Warren town, Litchfield County, Connecticut",826,33,826,(X),593,52,71.8,5.0,233,40,28.2,5.0,0.6,0.7,(X),(X),10.9,17.4,(X),(X),826,33,826,(X),805,38,97.5,2.3,5,6,0.6,0.7,8,13,1.0,1.6,8,13,1.0,1.6,0,12,0.0,3.9,0,12,0.0,3.9,0,12,0.0,3.9,0,12,0.0,3.9,0,12,0.0,3.9,826,33,826,(X),0,12,0.0,3.9,5,6,0.6,0.7,134,31,16.2,3.7,87,28,10.5,3.3,114,27,13.8,3.2,76,22,9.2,2.6,68,27,8.2,3.3,61,21,7.4,2.5,88,32,10.7,3.9,193,40,23.4,4.5,826,33,826,(X),2,5,0.2,0.6,0,12,0.0,3.9,19,12,2.3,1.5,95,29,11.5,3.5,107,25,13.0,3.1,145,32,17.6,3.7,188,42,22.8,4.8,135,33,16.3,4.0,135,31,16.3,3.6,6.7,0.2,(X),(X),826,33,826,(X),2,5,0.2,0.6,47,26,5.7,3.2,154,41,18.6,4.8,373,44,45.2,5.1,189,43,22.9,5.1,61,24,7.4,2.8,593,52,593,(X),536,48,90.4,4.3,57,27,9.6,4.3,2.50,0.16,(X),(X),2.07,0.45,(X),(X),593,52,593,(X),8,7,1.3,1.1,74,28,12.5,4.4,248,36,41.8,5.6,114,29,19.2,4.7,69,24,11.6,3.8,80,23,13.5,3.6,593,52,593,(X),13,9,2.2,1.5,121,30,20.4,4.3,243,45,41.0,6.1,216,34,36.4,5.7,593,52,593,(X),4,6,0.7,1.1,47,18,7.9,2.7,46,20,7.8,3.2,395,45,66.6,6.7,0,12,0.0,5.3,97,34,16.4,5.2,0,12,0.0,5.3,4,6,0.7,1.0,0,12,0.0,5.3,593,52,593,(X),0,12,0.0,5.3,3,5,0.5,0.7,0,12,0.0,5.3,593,52,593,(X),591,51,99.7,0.8,0,12,0.0,5.3,2,5,0.3,0.8,536,48,536,(X),5,6,0.9,1.2,0,12,0.0,5.9,10,9,1.9,1.6,24,12,4.5,2.3,129,30,24.1,4.9,192,36,35.8,6.3,104,32,19.4,5.6,72,24,13.4,4.1,378100,22040,(X),(X),536,48,536,(X),377,41,70.3,5.2,159,33,29.7,5.2,377,41,377,(X),5,6,1.3,1.7,22,12,5.8,3.1,45,23,11.9,5.7,84,28,22.3,6.8,100,26,26.5,6.0,53,21,14.1,5.7,68,25,18.0,6.4,2163,132,(X),(X),159,33,159,(X),3,4,1.9,2.6,6,6,3.8,3.4,54,19,34.0,10.6,44,19,27.7,9.4,20,15,12.6,8.3,32,13,20.1,7.3,683,75,(X),(X),377,41,377,(X),157,31,41.6,7.3,43,17,11.4,4.5,33,14,8.8,3.9,36,22,9.5,5.6,108,37,28.6,9.0,0,12,(X),(X),159,33,159,(X),49,22,30.8,11.1,33,13,20.8,8.4,14,9,8.8,5.6,13,8,8.2,4.8,12,9,7.5,5.7,5,6,3.1,3.9,33,21,20.8,10.5,0,12,(X),(X),36,23,36,(X),0,12,0.0,49.4,8,13,22.2,32.7,11,7,30.6,26.2,0,12,0.0,49.4,14,18,38.9,37.6,3,4,8.3,12.4,0,12,0.0,49.4,1469,1210,(X),(X),21,13,(X),(X),36,23,36,(X),8,13,22.2,32.7,2,4,5.6,12.0,0,12,0.0,49.4,4,5,11.1,15.2,9,7,25.0,22.9,13,18,36.1,37.1,21,13,(X),(X)
0600000US0900579720,0900579720,"Washington town, Litchfield County, Connecticut",2200,158,2200,(X),1466,141,66.6,4.9,734,126,33.4,4.9,0.7,1.2,(X),(X),0.0,10.8,(X),(X),2200,158,2200,(X),2033,170,92.4,2.8,49,32,2.2,1.5,11,16,0.5,0.7,74,42,3.4,2.0,14,19,0.6,0.9,0,12,0.0,1.5,19,21,0.9,1.0,0,12,0.0,1.5,0,12,0.0,1.5,2200,158,2200,(X),0,12,0.0,1.5,0,12,0.0,1.5,112,50,5.1,2.3,152,72,6.9,3.3,271,98,12.3,4.3,258,87,11.7,3.9,153,57,7.0,2.6,311,105,14.1,4.8,104,64,4.7,2.9,839,134,38.1,5.2,2200,158,2200,(X),0,12,0.0,1.5,33,42,1.5,1.9,62,54,2.8,2.5,194,63,8.8,2.8,259,74,11.8,3.2,408,121,18.5,5.3,346,106,15.7,4.7,300,116,13.6,5.1,598,131,27.2,5.8,6.9,0.4,(X),(X),2200,158,2200,(X),0,12,0.0,1.5,108,62,4.9,2.8,515,128,23.4,5.6,879,158,40.0,6.0,441,135,20.0,6.2,257,103,11.7,4.7,1466,141,1466,(X),1210,137,82.5,4.7,256,72,17.5,4.7,2.18,0.16,(X),(X),2.23,0.51,(X),(X),1466,141,1466,(X),0,12,0.0,2.2,227,68,15.5,4.6,429,98,29.3,6.5,267,75,18.2,4.6,224,81,15.3,5.1,319,92,21.8,6.0,1466,141,1466,(X),29,31,2.0,2.1,420,112,28.6,6.5,612,113,41.7,6.9,405,80,27.6,5.2,1466,141,1466,(X),23,24,1.6,1.6,170,71,11.6,4.7,120,45,8.2,3.0,1058,141,72.2,6.3,0,12,0.0,2.2,69,36,4.7,2.5,0,12,0.0,2.2,26,39,1.8,2.7,0,12,0.0,2.2,1466,141,1466,(X),9,14,0.6,0.9,9,14,0.6,0.9,19,21,1.3,1.4,1466,141,1466,(X),1466,141,100.0,2.2,0,12,0.0,2.2,0,12,0.0,2.2,1210,137,1210,(X),18,21,1.5,1.8,0,12,0.0,2.6,22,24,1.8,2.0,40,27,3.3,2.3,171,67,14.1,5.4,419,95,34.6,7.1,340,98,28.1,7.0,200,78,16.5,6.2,468800,42156,(X),(X),1210,137,1210,(X),751,97,62.1,6.8,459,110,37.9,6.8,751,97,751,(X),8,14,1.1,1.9,21,23,2.8,3.1,122,65,16.2,8.4,129,52,17.2,6.6,107,57,14.2,7.5,109,52,14.5,6.8,255,81,34.0,9.5,2446,339,(X),(X),459,110,459,(X),10,15,2.2,3.4,26,26,5.7,5.7,65,38,14.2,8.0,118,52,25.7,10.6,90,61,19.6,11.6,150,64,32.7,10.9,817,82,(X),(X),751,97,751,(X),248,59,33.0,7.7,58,42,7.7,5.7,73,54,9.7,7.0,88,58,11.7,7.6,284,85,37.8,9.7,0,12,(X),(X),459,110,459,(X),172,58,37.5,10.6,78,45,17.0,8.8,63,37,13.7,7.7,29,25,6.3,5.3,19,21,4.1,4.4,9,14,2.0,3.1,89,60,19.4,11.7,0,12,(X),(X),197,70,197,(X),9,14,4.6,6.7,44,34,22.3,15.5,81,53,41.1,20.8,22,25,11.2,11.9,21,23,10.7,12.4,0,12,0.0,15.2,20,21,10.2,10.3,1163,114,(X),(X),59,35,(X),(X),192,68,192,(X),27,25,14.1,12.5,0,12,0.0,15.5,42,35,21.9,17.0,10,16,5.2,8.1,16,20,8.3,10.2,97,53,50.5,19.6,64,37,(X),(X)
0600000US0900580490,0900580490,"Watertown town, Litchfield County, Connecticut",8835,326,8835,(X),8146,263,92.2,2.1,689,204,7.8,2.1,0.2,0.4,(X),(X),2.7,4.5,(X),(X),8835,326,8835,(X),6992,378,79.1,2.8,234,93,2.6,1.0,637,168,7.2,1.9,309,122,3.5,1.4,435,146,4.9,1.6,123,90,1.4,1.0,93,63,1.1,0.7,12,20,0.1,0.2,0,22,0.0,0.4,8835,326,8835,(X),0,22,0.0,0.4,33,36,0.4,0.4,556,150,6.3,1.7,971,190,11.0,2.1,1020,229,11.5,2.7,1258,229,14.2,2.5,1148,231,13.0,2.6,1537,243,17.4,2.7,732,205,8.3,2.3,1580,277,17.9,3.0,8835,326,8835,(X),8,13,0.1,0.2,190,108,2.2,1.2,457,143,5.2,1.6,797,190,9.0,2.2,1541,243,17.4,2.7,1670,253,18.9,2.9,1821,284,20.6,3.0,1393,241,15.8,2.6,958,236,10.8,2.6,6.4,0.2,(X),(X),8835,326,8835,(X),8,13,0.1,0.2,851,196,9.6,2.2,1677,257,19.0,2.9,4403,360,49.8,3.8,1639,251,18.6,2.7,257,94,2.9,1.0,8146,263,8146,(X),6761,341,83.0,3.1,1385,253,17.0,3.1,2.76,0.09,(X),(X),2.30,0.28,(X),(X),8146,263,8146,(X),21,25,0.3,0.3,1133,228,13.9,2.8,2692,295,33.0,3.6,2030,264,24.9,3.1,849,183,10.4,2.2,1421,215,17.4,2.5,8146,263,8146,(X),455,152,5.6,1.8,2093,279,25.7,3.1,3740,381,45.9,4.4,1858,292,22.8,3.8,8146,263,8146,(X),1950,265,23.9,3.1,316,124,3.9,1.5,833,180,10.2,2.2,4492,340,55.1,3.6,15,26,0.2,0.3,405,158,5.0,2.0,0,22,0.0,0.4,121,72,1.5,0.9,14,19,0.2,0.2,8146,263,8146,(X),0,22,0.0,0.4,16,27,0.2,0.3,35,33,0.4,0.4,8146,263,8146,(X),8068,298,99.0,1.0,51,71,0.6,0.9,27,38,0.3,0.5,6761,341,6761,(X),151,88,2.2,1.3,126,64,1.9,0.9,654,187,9.7,2.6,1135,192,16.8,2.9,2451,312,36.3,3.9,1967,261,29.1,3.7,258,108,3.8,1.6,19,31,0.3,0.5,250600,9400,(X),(X),6761,341,6761,(X),4898,330,72.4,3.6,1863,270,27.6,3.6,4898,330,4898,(X),13,22,0.3,0.5,427,144,8.7,2.8,844,205,17.2,4.1,1494,256,30.5,4.7,978,216,20.0,4.6,640,189,13.1,3.7,502,153,10.2,3.0,1894,68,(X),(X),1863,270,1863,(X),18,29,1.0,1.6,71,49,3.8,2.6,447,122,24.0,5.9,668,159,35.9,7.2,363,126,19.5,5.6,296,104,15.9,5.2,685,28,(X),(X),4866,333,4866,(X),1982,243,40.7,4.5,798,173,16.4,3.6,539,144,11.1,2.9,313,123,6.4,2.4,1234,233,25.4,4.1,32,39,(X),(X),1827,267,1827,(X),591,129,32.3,6.5,344,117,18.8,5.6,191,102,10.5,4.9,238,82,13.0,3.9,123,70,6.7,3.8,101,66,5.5,3.5,239,89,13.1,4.7,36,34,(X),(X),1220,251,1220,(X),116,55,9.5,4.3,655,195,53.7,9.9,318,117,26.1,8.6,112,83,9.2,6.8,19,31,1.6,2.6,0,22,0.0,2.6,0,22,0.0,2.6,916,53,(X),(X),165,75,(X),(X),1200,247,1200,(X),106,69,8.8,5.5,241,124,20.1,9.2,289,149,24.1,10.5,144,78,12.0,5.8,105,74,8.8,6.3,315,110,26.3,9.2,185,78,(X),(X)
0600000US0900586440,0900586440,"Winchester town, Litchfield County, Connecticut",5822,299,5822,(X),4897,249,84.1,3.6,925,231,15.9,3.6,2.6,2.9,(X),(X),2.1,2.4,(X),(X),5822,299,5822,(X),3308,292,56.8,4.4,194,106,3.3,1.8,865,225,14.9,3.7,568,148,9.8,2.6,275,119,4.7,2.0,232,120,4.0,2.0,271,112,4.7,1.9,109,87,1.9,1.5,0,19,0.0,0.6,5822,299,5822,(X),0,19,0.0,0.6,0,19,0.0,0.6,405,126,7.0,2.1,143,70,2.5,1.2,850,208,14.6,3.5,566,173,9.7,3.0,517,165,8.9,2.8,671,199,11.5,3.4,385,142,6.6,2.4,2285,290,39.2,4.3,5822,299,5822,(X),108,106,1.9,1.8,122,99,2.1,1.7,430,135,7.4,2.3,924,268,15.9,4.5,1062,279,18.2,4.6,1255,220,21.6,3.6,821,257,14.1,4.4,588,154,10.1,2.7,512,188,8.8,3.2,5.7,0.2,(X),(X),5822,299,5822,(X),108,106,1.9,1.8,549,189,9.4,3.2,1881,336,32.3,5.4,2253,294,38.7,5.0,675,172,11.6,2.9,356,151,6.1,2.6,4897,249,4897,(X),2943,283,60.1,5.3,1954,286,39.9,5.3,2.32,0.13,(X),(X),2.09,0.26,(X),(X),4897,249,4897,(X),149,121,3.0,2.4,1207,296,24.6,5.9,1747,289,35.7,5.1,728,187,14.9,3.9,581,158,11.9,3.4,485,133,9.9,2.7,4897,249,4897,(X),450,190,9.2,3.7,1645,255,33.6,5.0,1970,277,40.2,5.4,832,148,17.0,3.2,4897,249,4897,(X),1427,276,29.1,5.5,213,107,4.3,2.2,761,201,15.5,4.0,2134,310,43.6,5.9,0,19,0.0,0.7,284,128,5.8,2.6,0,19,0.0,0.7,78,69,1.6,1.4,0,19,0.0,0.7,4897,249,4897,(X),0,19,0.0,0.7,0,19,0.0,0.7,100,83,2.0,1.7,4897,249,4897,(X),4897,249,100.0,0.7,0,19,0.0,0.7,0,19,0.0,0.7,2943,283,2943,(X),47,45,1.6,1.5,106,70,3.6,2.3,816,207,27.7,6.3,896,214,30.4,6.5,587,144,19.9,4.6,290,141,9.9,4.7,175,110,5.9,3.8,26,31,0.9,1.1,180300,9830,(X),(X),2943,283,2943,(X),1829,256,62.1,5.9,1114,199,37.9,5.9,1829,256,1829,(X),0,19,0.0,1.8,103,73,5.6,3.9,589,179,32.2,7.9,719,189,39.3,8.2,301,107,16.5,6.1,75,57,4.1,3.1,42,50,2.3,2.7,1648,87,(X),(X),1114,199,1114,(X),0,19,0.0,2.9,33,38,3.0,3.4,228,94,20.5,7.2,296,111,26.6,9.3,423,141,38.0,10.3,134,79,12.0,6.9,800,91,(X),(X),1783,249,1783,(X),612,155,34.3,7.7,382,151,21.4,8.0,137,67,7.7,3.6,182,114,10.2,5.8,470,155,26.4,8.0,46,72,(X),(X),1114,199,1114,(X),251,117,22.5,8.6,245,92,22.0,7.6,81,57,7.3,5.0,136,75,12.2,6.8,103,72,9.2,6.2,69,74,6.2,6.6,229,87,20.6,7.9,0,19,(X),(X),1906,285,1906,(X),220,124,11.5,6.1,802,221,42.1,10.7,658,233,34.5,10.4,226,134,11.9,7.0,0,19,0.0,1.7,0,19,0.0,1.7,0,19,0.0,1.7,960,105,(X),(X),48,45,(X),(X),1857,281,1857,(X),288,157,15.5,8.2,121,97,6.5,5.2,164,99,8.8,5.4,296,141,15.9,7.1,160,102,8.6,5.3,828,227,44.6,9.8,97,93,(X),(X)
0600000US0900587910,0900587910,"Woodbury town, Litchfield County, Connecticut",4462,203,4462,(X),4101,143,91.9,3.0,361,143,8.1,3.0,2.1,2.3,(X),(X),5.3,6.2,(X),(X),4462,203,4462,(X),3031,219,67.9,4.0,325,76,7.3,1.7,122,69,2.7,1.6,342,97,7.7,2.2,317,121,7.1,2.6,166,88,3.7,2.0,159,72,3.6,1.7,0,17,0.0,0.7,0,17,0.0,0.7,4462,203,4462,(X),0,17,0.0,0.7,11,12,0.2,0.3,269,80,6.0,1.8,469,130,10.5,2.9,743,180,16.7,3.8,865,159,19.4,3.6,518,149,11.6,3.3,534,134,12.0,2.9,178,91,4.0,2.1,875,186,19.6,4.0,4462,203,4462,(X),140,82,3.1,1.8,182,89,4.1,2.0,259,105,5.8,2.3,653,125,14.6,2.8,773,170,17.3,3.6,581,150,13.0,3.3,566,135,12.7,3.2,537,140,12.0,3.2,771,161,17.3,3.5,5.9,0.4,(X),(X),4462,203,4462,(X),140,82,3.1,1.8,418,118,9.4,2.5,1424,210,31.9,4.4,1258,193,28.2,4.3,1089,183,24.4,4.0,133,63,3.0,1.4,4101,143,4101,(X),3063,188,74.7,4.0,1038,170,25.3,4.0,2.50,0.10,(X),(X),2.03,0.19,(X),(X),4101,143,4101,(X),96,56,2.3,1.4,882,150,21.5,3.6,1326,175,32.3,4.1,982,156,23.9,3.8,419,111,10.2,2.7,396,127,9.7,3.0,4101,143,4101,(X),208,97,5.1,2.3,1145,160,27.9,3.6,1701,180,41.5,4.1,1047,154,25.5,3.9,4101,143,4101,(X),100,76,2.4,1.9,302,96,7.4,2.4,1017,134,24.8,3.2,2494,206,60.8,4.4,0,17,0.0,0.8,127,69,3.1,1.7,0,17,0.0,0.8,56,37,1.4,0.9,5,9,0.1,0.2,4101,143,4101,(X),0,17,0.0,0.8,0,17,0.0,0.8,30,32,0.7,0.8,4101,143,4101,(X),4066,159,99.1,1.0,28,39,0.7,1.0,7,11,0.2,0.3,3063,188,3063,(X),65,43,2.1,1.4,62,28,2.0,0.9,189,75,6.2,2.4,342,129,11.2,4.1,613,146,20.0,4.6,1192,197,38.9,6.2,577,137,18.8,4.5,23,30,0.8,1.0,334500,21429,(X),(X),3063,188,3063,(X),2160,179,70.5,4.5,903,153,29.5,4.5,2160,179,2160,(X),13,22,0.6,1.0,75,46,3.5,2.1,343,102,15.9,4.5,401,113,18.6,4.7,474,107,21.9,4.5,267,99,12.4,4.6,587,112,27.2,5.0,2262,131,(X),(X),903,153,903,(X),35,32,3.9,3.7,50,79,5.5,8.5,56,42,6.2,4.7,198,68,21.9,7.3,278,112,30.8,10.5,286,91,31.7,8.8,873,61,(X),(X),2160,179,2160,(X),815,136,37.7,5.6,251,68,11.6,3.2,203,87,9.4,4.0,177,78,8.2,3.5,714,151,33.1,6.1,0,17,(X),(X),903,153,903,(X),309,104,34.2,11.1,156,72,17.3,7.2,79,51,8.7,5.5,56,45,6.2,5.0,19,21,2.1,2.3,23,29,2.5,3.2,261,112,28.9,10.4,0,17,(X),(X),1023,169,1023,(X),63,34,6.2,3.5,337,82,32.9,8.1,483,146,47.2,10.0,84,56,8.2,5.2,20,23,2.0,2.3,18,19,1.8,1.9,18,28,1.8,2.8,1102,68,(X),(X),15,12,(X),(X),1010,167,1010,(X),81,51,8.0,5.2,213,97,21.1,8.7,181,116,17.9,10.3,103,59,10.2,6.1,138,80,13.7,7.9,294,115,29.1,10.8,28,19,(X),(X)
0600000US0900700000,0900700000,"County subdivisions not defined, Middlesex County, Connecticut",0,12,0,(X),0,12,-,**,0,12,-,**,-,**,(X),(X),-,**,(X),(X),0,12,0,(X),0,12,-,**,0,12,-,**,0,12,-,**,0,12,-,**,0,12,-,**,0,12,-,**,0,12,-,**,0,12,-,**,0,12,-,**,0,12,0,(X),0,12,-,**,0,12,-,**,0,12,-,**,0,12,-,**,0,12,-,**,0,12,-,**,0,12,-,**,0,12,-,**,0,12,-,**,0,12,-,**,0,12,0,(X),0,12,-,**,0,12,-,**,0,12,-,**,0,12,-,**,0,12,-,**,0,12,-,**,0,12,-,**,0,12,-,**,0,12,-,**,-,**,(X),(X),0,12,0,(X),0,12,-,**,0,12,-,**,0,12,-,**,0,12,-,**,0,12,-,**,0,12,-,**,0,12,0,(X),0,12,-,**,0,12,-,**,-,**,(X),(X),-,**,(X),(X),0,12,0,(X),0,12,-,**,0,12,-,**,0,12,-,**,0,12,-,**,0,12,-,**,0,12,-,**,0,12,0,(X),0,12,-,**,0,12,-,**,0,12,-,**,0,12,-,**,0,12,0,(X),0,12,-,**,0,12,-,**,0,12,-,**,0,12,-,**,0,12,-,**,0,12,-,**,0,12,-,**,0,12,-,**,0,12,-,**,0,12,0,(X),0,12,-,**,0,12,-,**,0,12,-,**,0,12,0,(X),0,12,-,**,0,12,-,**,0,12,-,**,0,12,0,(X),0,12,-,**,0,12,-,**,0,12,-,**,0,12,-,**,0,12,-,**,0,12,-,**,0,12,-,**,0,12,-,**,-,**,(X),(X),0,12,0,(X),0,12,-,**,0,12,-,**,0,12,0,(X),0,12,-,**,0,12,-,**,0,12,-,**,0,12,-,**,0,12,-,**,0,12,-,**,0,12,-,**,-,**,(X),(X),0,12,0,(X),0,12,-,**,0,12,-,**,0,12,-,**,0,12,-,**,0,12,-,**,0,12,-,**,-,**,(X),(X),0,12,0,(X),0,12,-,**,0,12,-,**,0,12,-,**,0,12,-,**,0,12,-,**,0,12,(X),(X),0,12,0,(X),0,12,-,**,0,12,-,**,0,12,-,**,0,12,-,**,0,12,-,**,0,12,-,**,0,12,-,**,0,12,(X),(X),0,12,0,(X),0,12,-,**,0,12,-,**,0,12,-,**,0,12,-,**,0,12,-,**,0,12,-,**,0,12,-,**,-,**,(X),(X),0,12,(X),(X),0,12,0,(X),0,12,-,**,0,12,-,**,0,12,-,**,0,12,-,**,0,12,-,**,0,12,-,**,0,12,(X),(X)
0600000US0900714300,0900714300,"Chester town, Middlesex County, Connecticut",2091,134,2091,(X),1830,139,87.5,4.3,261,92,12.5,4.3,3.6,3.4,(X),(X),3.8,5.9,(X),(X),2091,134,2091,(X),1576,140,75.4,4.3,7,12,0.3,0.6,136,69,6.5,3.3,133,60,6.4,2.8,64,50,3.1,2.4,25,26,1.2,1.2,150,67,7.2,3.1,0,12,0.0,1.5,0,12,0.0,1.5,2091,134,2091,(X),0,12,0.0,1.5,0,12,0.0,1.5,70,42,3.3,2.0,371,97,17.7,4.4,228,78,10.9,3.8,265,108,12.7,5.0,204,71,9.8,3.5,174,67,8.3,3.2,35,26,1.7,1.2,744,127,35.6,5.6,2091,134,2091,(X),32,40,1.5,1.9,29,35,1.4,1.7,98,68,4.7,3.1,324,110,15.5,5.3,456,121,21.8,5.7,398,124,19.0,5.9,253,86,12.1,3.9,198,69,9.5,3.3,303,78,14.5,3.5,5.8,0.3,(X),(X),2091,134,2091,(X),32,40,1.5,1.9,195,81,9.3,3.7,712,100,34.1,4.8,686,96,32.8,4.1,387,94,18.5,4.2,79,48,3.8,2.3,1830,139,1830,(X),1319,144,72.1,6.0,511,120,27.9,6.0,2.38,0.18,(X),(X),1.89,0.36,(X),(X),1830,139,1830,(X),29,45,1.6,2.5,315,106,17.2,5.8,658,143,36.0,6.9,407,99,22.2,5.2,191,78,10.4,4.1,230,71,12.6,3.7,1830,139,1830,(X),106,53,5.8,2.8,611,124,33.4,5.9,646,108,35.3,5.5,467,94,25.5,5.3,1830,139,1830,(X),40,34,2.2,1.8,133,62,7.3,3.3,405,106,22.1,5.6,1188,153,64.9,6.6,9,15,0.5,0.8,55,44,3.0,2.4,0,12,0.0,1.8,0,12,0.0,1.8,0,12,0.0,1.8,1830,139,1830,(X),0,12,0.0,1.8,0,12,0.0,1.8,10,18,0.5,1.0,1830,139,1830,(X),1830,139,100.0,1.8,0,12,0.0,1.8,0,12,0.0,1.8,1319,144,1319,(X),28,26,2.1,1.9,0,12,0.0,2.4,25,41,1.9,3.0,46,29,3.5,2.2,482,106,36.5,6.4,508,109,38.5,7.3,206,64,15.6,5.0,24,22,1.8,1.7,330400,32666,(X),(X),1319,144,1319,(X),909,107,68.9,6.0,410,102,31.1,6.0,909,107,909,(X),0,12,0.0,3.5,31,27,3.4,2.9,82,54,9.0,5.9,196,75,21.6,7.4,236,76,26.0,7.7,145,77,16.0,8.5,219,79,24.1,8.3,2308,176,(X),(X),410,102,410,(X),0,12,0.0,7.6,28,25,6.8,6.0,57,50,13.9,11.2,103,62,25.1,13.8,101,59,24.6,12.8,121,47,29.5,10.7,831,107,(X),(X),909,107,909,(X),216,69,23.8,7.5,202,77,22.2,8.6,161,83,17.7,8.6,51,33,5.6,3.7,279,95,30.7,9.2,0,12,(X),(X),410,102,410,(X),80,42,19.5,9.8,67,54,16.3,11.9,98,41,23.9,10.2,35,28,8.5,7.0,17,18,4.1,4.4,13,16,3.2,3.7,100,69,24.4,13.6,0,12,(X),(X),453,111,453,(X),15,18,3.3,4.0,169,73,37.3,13.2,168,73,37.1,12.7,83,54,18.3,11.4,0,12,0.0,6.9,0,12,0.0,6.9,18,20,4.0,4.5,1103,134,(X),(X),58,48,(X),(X),445,108,445,(X),55,51,12.4,11.4,104,61,23.4,11.8,17,19,3.8,4.2,57,54,12.8,11.2,0,12,0.0,7.0,212,84,47.6,17.0,66,50,(X),(X)
0600000US0900715350,0900715350,"Clinton town, Middlesex County, Connecticut",6157,236,6157,(X),5338,183,86.7,2.5,819,172,13.3,2.5,1.5,1.5,(X),(X),5.3,4.8,(X),(X),6157,236,6157,(X),4964,226,80.6,2.3,159,60,2.6,1.0,298,89,4.8,1.4,199,49,3.2,0.8,112,54,1.8,0.9,110,67,1.8,1.1,43,30,0.7,0.5,272,79,4.4,1.2,0,19,0.0,0.5,6157,236,6157,(X),12,18,0.2,0.3,66,45,1.1,0.7,332,97,5.4,1.6,529,124,8.6,2.0,869,174,14.1,2.8,789,168,12.8,2.5,1597,202,25.9,3.2,696,128,11.3,2.0,368,117,6.0,1.9,899,152,14.6,2.5,6157,236,6157,(X),22,24,0.4,0.4,61,34,1.0,0.5,370,105,6.0,1.7,899,112,14.6,1.9,1038,191,16.9,2.9,1285,191,20.9,3.0,913,164,14.8,2.5,943,165,15.3,2.6,626,118,10.2,2.0,6.0,0.2,(X),(X),6157,236,6157,(X),28,26,0.5,0.4,570,130,9.3,2.1,1462,175,23.7,2.7,2528,246,41.1,3.4,1366,158,22.2,2.5,203,85,3.3,1.4,5338,183,5338,(X),4297,207,80.5,2.6,1041,144,19.5,2.6,2.51,0.10,(X),(X),2.21,0.24,(X),(X),5338,183,5338,(X),25,23,0.5,0.4,1048,125,19.6,2.3,1848,143,34.6,2.5,1165,136,21.8,2.3,563,106,10.5,2.0,689,138,12.9,2.5,5338,183,5338,(X),222,71,4.2,1.3,1604,209,30.0,3.3,2432,201,45.6,3.6,1080,141,20.2,2.9,5338,183,5338,(X),389,90,7.3,1.7,392,100,7.3,1.8,944,141,17.7,2.5,3282,203,61.5,3.5,6,11,0.1,0.2,221,82,4.1,1.5,35,53,0.7,1.0,61,42,1.1,0.8,8,11,0.1,0.2,5338,183,5338,(X),8,13,0.1,0.2,8,13,0.1,0.2,101,66,1.9,1.2,5338,183,5338,(X),5323,186,99.7,0.3,15,17,0.3,0.3,0,19,0.0,0.6,4297,207,4297,(X),186,64,4.3,1.5,58,36,1.3,0.8,165,65,3.8,1.5,409,145,9.5,3.3,1695,224,39.4,4.5,1303,147,30.3,3.6,345,98,8.0,2.3,136,76,3.2,1.7,283100,7526,(X),(X),4297,207,4297,(X),3023,192,70.4,3.6,1274,175,29.6,3.6,3023,192,3023,(X),0,19,0.0,1.1,143,71,4.7,2.4,628,135,20.8,3.8,845,120,28.0,4.0,693,128,22.9,4.0,277,83,9.2,2.7,437,104,14.5,3.3,1929,88,(X),(X),1274,175,1274,(X),25,24,2.0,1.9,43,30,3.4,2.4,211,65,16.6,4.7,287,78,22.5,5.3,295,98,23.2,6.7,413,113,32.4,7.6,846,57,(X),(X),3023,192,3023,(X),833,116,27.6,3.7,420,102,13.9,3.2,390,111,12.9,3.5,359,104,11.9,3.3,1021,155,33.8,4.5,0,19,(X),(X),1213,165,1213,(X),263,74,21.7,5.8,283,83,23.3,6.1,166,66,13.7,5.0,55,33,4.5,2.6,52,31,4.3,2.5,48,42,4.0,3.4,346,99,28.5,6.9,61,41,(X),(X),958,136,958,(X),69,30,7.2,3.4,210,80,21.9,7.8,414,97,43.2,8.0,170,66,17.7,6.3,85,68,8.9,6.9,10,16,1.0,1.7,0,19,0.0,3.3,1250,108,(X),(X),83,50,(X),(X),947,133,947,(X),118,63,12.5,6.6,81,60,8.6,6.2,162,72,17.1,7.0,84,50,8.9,5.2,78,56,8.2,5.9,424,102,44.8,9.2,94,54,(X),(X)
0600000US0900718080,0900718080,"Cromwell town, Middlesex County, Connecticut",5846,258,5846,(X),5456,229,93.3,3.3,390,198,6.7,3.3,0.6,0.9,(X),(X),14.2,10.7,(X),(X),5846,258,5846,(X),3395,203,58.1,2.9,830,156,14.2,2.6,255,127,4.4,2.1,237,110,4.1,1.9,432,173,7.4,2.9,304,142,5.2,2.4,393,118,6.7,1.9,0,19,0.0,0.6,0,19,0.0,0.6,5846,258,5846,(X),10,18,0.2,0.3,18,23,0.3,0.4,656,132,11.2,2.2,382,130,6.5,2.2,1023,167,17.5,2.8,1553,196,26.6,3.2,446,147,7.6,2.5,672,147,11.5,2.4,274,109,4.7,1.8,812,170,13.9,2.9,5846,258,5846,(X),72,60,1.2,1.0,94,66,1.6,1.1,338,115,5.8,1.9,813,204,13.9,3.3,1163,199,19.9,3.4,1153,196,19.7,3.1,820,171,14.0,3.0,646,189,11.1,3.2,747,163,12.8,2.8,5.9,0.2,(X),(X),5846,258,5846,(X),88,65,1.5,1.1,565,163,9.7,2.7,1786,236,30.6,3.8,2217,248,37.9,3.7,987,183,16.9,3.3,203,93,3.5,1.6,5456,229,5456,(X),4597,222,84.3,2.7,859,160,15.7,2.7,2.65,0.12,(X),(X),1.66,0.20,(X),(X),5456,229,5456,(X),20,23,0.4,0.4,947,216,17.4,3.7,2360,253,43.3,4.6,1031,170,18.9,3.1,508,127,9.3,2.2,590,122,10.8,2.2,5456,229,5456,(X),311,113,5.7,2.0,1451,233,26.6,3.7,2455,274,45.0,5.3,1239,189,22.7,3.4,5456,229,5456,(X),1861,256,34.1,4.6,170,66,3.1,1.2,1182,193,21.7,3.3,2053,233,37.6,4.0,0,19,0.0,0.6,87,56,1.6,1.0,11,20,0.2,0.4,47,40,0.9,0.7,45,71,0.8,1.3,5456,229,5456,(X),0,19,0.0,0.6,17,29,0.3,0.5,42,34,0.8,0.6,5456,229,5456,(X),5433,237,99.6,0.7,23,36,0.4,0.7,0,19,0.0,0.6,4597,222,4597,(X),72,49,1.6,1.0,65,48,1.4,1.0,529,129,11.5,2.6,788,171,17.1,3.6,1566,217,34.1,4.7,1181,194,25.7,4.2,365,121,7.9,2.6,31,30,0.7,0.6,245600,11515,(X),(X),4597,222,4597,(X),3227,221,70.2,3.8,1370,195,29.8,3.8,3227,221,3227,(X),0,19,0.0,1.0,101,56,3.1,1.7,557,113,17.3,3.2,990,177,30.7,4.7,709,164,22.0,5.2,393,114,12.2,3.4,477,131,14.8,4.1,1984,77,(X),(X),1370,195,1370,(X),7,12,0.5,0.9,17,20,1.2,1.5,93,49,6.8,3.5,491,135,35.8,8.5,238,78,17.4,5.9,524,160,38.2,9.3,855,90,(X),(X),3227,221,3227,(X),1339,243,41.5,7.1,636,167,19.7,5.0,326,114,10.1,3.4,269,121,8.3,3.7,657,175,20.4,5.2,0,19,(X),(X),1355,201,1355,(X),289,74,21.3,4.8,166,66,12.3,4.7,269,88,19.9,6.0,148,93,10.9,6.3,127,67,9.4,4.9,114,94,8.4,6.8,242,91,17.9,6.1,15,24,(X),(X),837,165,837,(X),118,53,14.1,6.1,245,108,29.3,11.1,237,105,28.3,10.6,56,45,6.7,5.2,117,59,14.0,6.8,52,45,6.2,5.3,12,20,1.4,2.4,1088,147,(X),(X),22,23,(X),(X),837,165,837,(X),102,71,12.2,8.3,82,46,9.8,5.4,128,91,15.3,9.9,140,98,16.7,10.7,48,40,5.7,4.8,337,115,40.3,12.2,22,23,(X),(X)
0600000US0900719130,0900719130,"Deep River town, Middlesex County, Connecticut",2169,127,2169,(X),1917,116,88.4,4.6,252,107,11.6,4.6,0.0,2.1,(X),(X),0.0,8.5,(X),(X),2169,127,2169,(X),1641,127,75.7,4.7,57,42,2.6,2.0,43,33,2.0,1.5,148,90,6.8,3.9,66,41,3.0,1.9,64,54,3.0,2.5,124,79,5.7,3.6,0,12,0.0,1.5,26,38,1.2,1.7,2169,127,2169,(X),8,14,0.4,0.6,0,12,0.0,1.5,120,53,5.5,2.4,137,58,6.3,2.7,199,66,9.2,3.1,316,92,14.6,4.1,214,78,9.9,3.7,268,93,12.4,4.2,77,33,3.6,1.5,830,148,38.3,5.9,2169,127,2169,(X),8,12,0.4,0.6,85,65,3.9,2.9,115,87,5.3,4.0,268,112,12.4,5.0,388,90,17.9,4.2,402,109,18.5,4.8,374,88,17.2,4.1,186,70,8.6,3.2,343,96,15.8,4.4,6.0,0.3,(X),(X),2169,127,2169,(X),18,20,0.8,0.9,260,98,12.0,4.4,551,125,25.4,5.5,954,147,44.0,6.4,357,96,16.5,4.4,29,30,1.3,1.4,1917,116,1917,(X),1551,113,80.9,4.7,366,99,19.1,4.7,2.49,0.13,(X),(X),1.86,0.50,(X),(X),1917,116,1917,(X),7,11,0.4,0.6,390,96,20.3,4.9,645,129,33.6,6.0,305,86,15.9,4.4,251,78,13.1,3.9,319,80,16.6,4.3,1917,116,1917,(X),51,43,2.7,2.3,531,114,27.7,4.9,866,143,45.2,6.3,469,97,24.5,5.7,1917,116,1917,(X),21,23,1.1,1.2,136,67,7.1,3.5,390,115,20.3,5.5,1198,124,62.5,6.0,8,14,0.4,0.7,103,57,5.4,2.9,0,12,0.0,1.7,52,50,2.7,2.6,9,15,0.5,0.8,1917,116,1917,(X),0,12,0.0,1.7,0,12,0.0,1.7,44,39,2.3,2.0,1917,116,1917,(X),1908,117,99.5,0.8,9,14,0.5,0.8,0,12,0.0,1.7,1551,113,1551,(X),36,30,2.3,1.9,24,38,1.5,2.4,96,51,6.2,3.3,196,78,12.6,4.9,609,119,39.3,6.4,402,82,25.9,5.8,126,57,8.1,3.7,62,45,4.0,2.9,270200,14529,(X),(X),1551,113,1551,(X),1043,132,67.2,6.5,508,104,32.8,6.5,1043,132,1043,(X),7,12,0.7,1.1,16,17,1.5,1.6,241,88,23.1,7.4,300,77,28.8,6.9,143,57,13.7,5.1,186,72,17.8,7.0,150,69,14.4,6.2,1937,135,(X),(X),508,104,508,(X),0,12,0.0,6.2,29,27,5.7,5.2,68,40,13.4,7.5,155,58,30.5,10.6,72,44,14.2,8.1,184,76,36.2,11.6,804,97,(X),(X),1043,132,1043,(X),326,88,31.3,7.6,88,46,8.4,4.4,168,77,16.1,7.1,189,77,18.1,7.0,272,91,26.1,7.7,0,12,(X),(X),508,104,508,(X),130,53,25.6,10.0,108,55,21.3,9.6,46,33,9.1,6.3,80,43,15.7,8.1,20,21,3.9,4.2,0,12,0.0,6.2,124,71,24.4,12.1,0,12,(X),(X),322,94,322,(X),0,12,0.0,9.6,170,88,52.8,19.2,116,58,36.0,17.6,26,24,8.1,7.2,10,15,3.1,4.7,0,12,0.0,9.6,0,12,0.0,9.6,984,157,(X),(X),44,41,(X),(X),322,94,322,(X),32,29,9.9,8.8,10,16,3.1,4.9,43,38,13.4,11.0,8,13,2.5,4.1,36,44,11.2,13.0,193,68,59.9,15.8,44,41,(X),(X)
0600000US0900720810,0900720810,"Durham town, Middlesex County, Connecticut",2692,197,2692,(X),2594,177,96.4,3.8,98,105,3.6,3.8,0.0,1.4,(X),(X),0.0,12.8,(X),(X),2692,197,2692,(X),2437,194,90.5,4.6,71,87,2.6,3.2,70,55,2.6,2.1,100,97,3.7,3.5,14,24,0.5,0.9,0,17,0.0,1.2,0,17,0.0,1.2,0,17,0.0,1.2,0,17,0.0,1.2,2692,197,2692,(X),0,17,0.0,1.2,16,25,0.6,0.9,417,112,15.5,4.0,277,88,10.3,3.3,497,126,18.5,4.7,467,131,17.3,4.6,191,83,7.1,3.1,184,76,6.8,2.8,72,54,2.7,2.0,571,178,21.2,6.0,2692,197,2692,(X),0,17,0.0,1.2,0,17,0.0,1.2,29,36,1.1,1.3,170,116,6.3,4.3,303,124,11.3,4.4,480,145,17.8,5.2,609,147,22.6,5.1,386,119,14.3,4.4,715,153,26.6,5.6,7.1,0.3,(X),(X),2692,197,2692,(X),0,17,0.0,1.2,146,100,5.4,3.6,325,140,12.1,5.1,1151,190,42.8,6.6,992,173,36.8,6.0,78,51,2.9,1.9,2594,177,2594,(X),2357,230,90.9,4.8,237,121,9.1,4.8,2.83,0.19,(X),(X),2.59,0.86,(X),(X),2594,177,2594,(X),16,24,0.6,0.9,502,168,19.4,6.3,860,169,33.2,6.8,443,127,17.1,4.6,316,114,12.2,4.3,457,131,17.6,4.5,2594,177,2594,(X),0,17,0.0,1.2,353,122,13.6,4.3,1359,197,52.4,6.5,882,152,34.0,5.9,2594,177,2594,(X),55,68,2.1,2.6,181,108,7.0,4.0,106,59,4.1,2.2,2134,138,82.3,5.5,0,17,0.0,1.2,93,93,3.6,3.5,0,17,0.0,1.2,25,30,1.0,1.2,0,17,0.0,1.2,2594,177,2594,(X),0,17,0.0,1.2,0,17,0.0,1.2,42,33,1.6,1.3,2594,177,2594,(X),2594,177,100.0,1.2,0,17,0.0,1.2,0,17,0.0,1.2,2357,230,2357,(X),14,23,0.6,1.0,10,15,0.4,0.6,31,34,1.3,1.4,116,92,4.9,3.8,534,151,22.7,5.7,1334,206,56.6,7.6,278,119,11.8,5.0,40,38,1.7,1.5,355600,14725,(X),(X),2357,230,2357,(X),1656,191,70.3,5.8,701,165,29.7,5.8,1656,191,1656,(X),0,17,0.0,1.9,28,33,1.7,2.0,132,81,8.0,4.7,275,114,16.6,6.9,428,134,25.8,7.3,386,130,23.3,7.5,407,120,24.6,6.4,2459,158,(X),(X),701,165,701,(X),0,17,0.0,4.5,10,15,1.4,2.1,93,92,13.3,11.8,82,55,11.7,7.3,167,59,23.8,8.9,349,118,49.8,11.3,998,99,(X),(X),1640,185,1640,(X),553,132,33.7,7.9,355,124,21.6,6.8,244,94,14.9,5.7,237,126,14.5,7.2,251,101,15.3,5.9,16,25,(X),(X),701,165,701,(X),232,84,33.1,9.8,120,68,17.1,9.5,119,78,17.0,10.0,117,81,16.7,10.3,27,33,3.9,4.4,27,33,3.9,4.6,59,36,8.4,5.1,0,17,(X),(X),220,119,220,(X),31,35,14.1,15.8,0,17,0.0,13.7,96,89,43.6,31.4,86,75,39.1,29.0,0,17,0.0,13.7,7,15,3.2,6.9,0,17,0.0,13.7,1206,502,(X),(X),17,28,(X),(X),179,104,179,(X),33,37,18.4,21.7,0,17,0.0,16.5,16,24,8.9,12.6,16,25,8.9,13.8,15,24,8.4,14.1,99,85,55.3,28.7,58,70,(X),(X)
0600000US0900722280,0900722280,"East Haddam town, Middlesex County, Connecticut",4538,221,4538,(X),3453,178,76.1,4.3,1085,227,23.9,4.3,1.3,1.4,(X),(X),3.3,4.8,(X),(X),4538,221,4538,(X),4127,297,90.9,3.4,62,45,1.4,1.0,217,123,4.8,2.8,23,28,0.5,0.6,47,35,1.0,0.8,11,18,0.2,0.4,40,49,0.9,1.1,11,18,0.2,0.4,0,17,0.0,0.7,4538,221,4538,(X),0,17,0.0,0.7,51,45,1.1,1.0,299,110,6.6,2.4,791,170,17.4,3.6,713,159,15.7,3.5,574,165,12.6,3.5,552,179,12.2,3.8,587,153,12.9,3.2,157,87,3.5,1.9,814,207,17.9,4.7,4538,221,4538,(X),7,13,0.2,0.3,20,25,0.4,0.6,175,100,3.9,2.2,789,178,17.4,3.6,880,218,19.4,4.6,981,170,21.6,3.9,708,185,15.6,3.9,464,125,10.2,2.9,514,139,11.3,3.1,5.9,0.2,(X),(X),4538,221,4538,(X),7,13,0.2,0.3,211,95,4.6,2.1,1309,224,28.8,4.5,2204,240,48.6,4.9,665,142,14.7,3.1,142,81,3.1,1.8,3453,178,3453,(X),2890,246,83.7,5.2,563,178,16.3,5.2,2.59,0.13,(X),(X),2.69,0.49,(X),(X),3453,178,3453,(X),41,50,1.2,1.5,597,148,17.3,4.3,1278,195,37.0,5.0,874,161,25.3,4.5,352,110,10.2,3.1,311,90,9.0,2.5,3453,178,3453,(X),26,25,0.8,0.7,759,162,22.0,4.1,1421,175,41.2,4.9,1247,157,36.1,4.5,3453,178,3453,(X),51,42,1.5,1.2,203,94,5.9,2.7,270,100,7.8,2.8,2572,194,74.5,4.9,22,25,0.6,0.7,293,110,8.5,3.1,0,17,0.0,0.9,42,39,1.2,1.1,0,17,0.0,0.9,3453,178,3453,(X),9,14,0.3,0.4,0,17,0.0,0.9,19,22,0.6,0.6,3453,178,3453,(X),3411,192,98.8,1.1,35,33,1.0,1.0,7,13,0.2,0.4,2890,246,2890,(X),7,11,0.2,0.4,70,62,2.4,2.2,141,85,4.9,2.8,280,124,9.7,4.1,1136,172,39.3,5.4,884,157,30.6,5.0,280,102,9.7,3.5,92,61,3.2,2.1,285000,11447,(X),(X),2890,246,2890,(X),2121,212,73.4,4.7,769,158,26.6,4.7,2121,212,2121,(X),0,17,0.0,1.5,127,80,6.0,3.5,245,103,11.6,4.5,651,138,30.7,6.4,615,165,29.0,7.4,234,89,11.0,4.2,249,120,11.7,5.4,2030,121,(X),(X),769,158,769,(X),14,23,1.8,3.0,21,26,2.7,3.4,185,72,24.1,8.8,279,120,36.3,11.2,167,69,21.7,8.8,103,55,13.4,6.9,742,39,(X),(X),2083,196,2083,(X),819,169,39.3,7.6,272,108,13.1,5.1,263,116,12.6,5.4,179,92,8.6,4.4,550,148,26.4,6.1,38,62,(X),(X),769,158,769,(X),284,100,36.9,10.8,150,94,19.5,10.5,53,41,6.9,5.3,125,76,16.3,9.4,47,44,6.1,5.6,22,26,2.9,3.5,88,49,11.4,6.4,0,17,(X),(X),510,170,510,(X),13,23,2.5,4.4,238,137,46.7,19.5,157,76,30.8,13.6,86,82,16.9,14.7,16,27,3.1,5.2,0,17,0.0,6.2,0,17,0.0,6.2,1010,174,(X),(X),53,43,(X),(X),510,170,510,(X),38,26,7.5,5.2,110,83,21.6,12.4,43,34,8.4,6.5,115,77,22.5,12.6,65,55,12.7,9.8,139,75,27.3,14.3,53,43,(X),(X)
0600000US0900722490,0900722490,"East Hampton town, Middlesex County, Connecticut",5570,224,5570,(X),4954,172,88.9,3.3,616,200,11.1,3.3,4.5,3.0,(X),(X),6.1,6.3,(X),(X),5570,224,5570,(X),4632,234,83.2,3.1,253,117,4.5,2.1,173,113,3.1,2.0,143,65,2.6,1.2,158,89,2.8,1.6,65,54,1.2,1.0,108,81,1.9,1.4,38,57,0.7,1.0,0,19,0.0,0.6,5570,224,5570,(X),0,19,0.0,0.6,22,20,0.4,0.4,1096,177,19.7,3.1,610,155,11.0,2.7,926,157,16.6,2.7,658,157,11.8,2.8,339,105,6.1,1.9,448,127,8.0,2.2,253,91,4.5,1.6,1218,201,21.9,3.5,5570,224,5570,(X),31,30,0.6,0.5,114,82,2.0,1.5,215,99,3.9,1.8,587,184,10.5,3.2,872,208,15.7,3.8,1328,235,23.8,4.0,931,220,16.7,3.9,730,141,13.1,2.5,762,185,13.7,3.3,6.2,0.2,(X),(X),5570,224,5570,(X),31,30,0.6,0.5,448,129,8.0,2.3,1249,226,22.4,3.9,2725,283,48.9,4.7,969,148,17.4,2.7,148,75,2.7,1.4,4954,172,4954,(X),4241,216,85.6,3.4,713,170,14.4,3.4,2.62,0.10,(X),(X),2.37,0.38,(X),(X),4954,172,4954,(X),119,96,2.4,1.9,782,192,15.8,3.8,1950,239,39.4,4.8,939,154,19.0,3.0,636,139,12.8,2.8,528,113,10.7,2.1,4954,172,4954,(X),132,61,2.7,1.2,1122,203,22.6,3.8,2307,233,46.6,4.4,1393,169,28.1,3.6,4954,172,4954,(X),120,53,2.4,1.1,414,141,8.4,2.8,630,160,12.7,3.2,3310,210,66.8,4.3,0,19,0.0,0.7,411,139,8.3,2.7,0,19,0.0,0.7,69,52,1.4,1.1,0,19,0.0,0.7,4954,172,4954,(X),0,19,0.0,0.7,9,14,0.2,0.3,47,40,0.9,0.8,4954,172,4954,(X),4912,186,99.2,0.7,20,25,0.4,0.5,22,26,0.4,0.5,4241,216,4241,(X),63,41,1.5,1.0,26,31,0.6,0.7,242,98,5.7,2.2,763,151,18.0,3.4,1535,205,36.2,4.4,1424,198,33.6,4.5,179,91,4.2,2.2,9,13,0.2,0.3,258700,13171,(X),(X),4241,216,4241,(X),3222,231,76.0,3.7,1019,166,24.0,3.7,3222,231,3222,(X),8,14,0.2,0.4,173,73,5.4,2.3,612,130,19.0,4.1,823,172,25.5,4.9,861,183,26.7,4.9,500,147,15.5,4.3,245,95,7.6,3.0,1996,110,(X),(X),1019,166,1019,(X),0,19,0.0,3.1,50,50,4.9,4.8,193,70,18.9,6.8,313,90,30.7,7.8,181,75,17.8,7.3,282,103,27.7,7.9,770,62,(X),(X),3222,231,3222,(X),1510,216,46.9,5.9,472,130,14.6,4.0,397,119,12.3,3.7,298,121,9.2,3.7,545,163,16.9,4.7,0,19,(X),(X),971,166,971,(X),305,92,31.4,8.1,213,79,21.9,7.5,126,55,13.0,5.2,119,68,12.3,6.3,10,15,1.0,1.6,26,23,2.7,2.4,172,71,17.7,6.8,48,54,(X),(X),667,167,667,(X),75,38,11.2,6.5,194,121,29.1,15.8,263,115,39.4,16.1,135,106,20.2,13.8,0,19,0.0,4.8,0,19,0.0,4.8,0,19,0.0,4.8,1143,244,(X),(X),46,44,(X),(X),642,164,642,(X),59,54,9.2,8.7,127,107,19.8,15.2,82,56,12.8,8.3,159,119,24.8,16.7,74,73,11.5,11.6,141,78,22.0,11.6,71,52,(X),(X)
0600000US0900726270,0900726270,"Essex town, Middlesex County, Connecticut",3263,197,3263,(X),2992,167,91.7,4.8,271,164,8.3,4.8,2.6,2.9,(X),(X),8.4,12.9,(X),(X),3263,197,3263,(X),2455,218,75.2,5.5,56,61,1.7,1.9,286,160,8.8,4.9,169,119,5.2,3.6,111,104,3.4,3.2,0,17,0.0,1.0,186,101,5.7,3.0,0,17,0.0,1.0,0,17,0.0,1.0,3263,197,3263,(X),0,17,0.0,1.0,35,39,1.1,1.2,317,113,9.7,3.5,254,95,7.8,2.9,608,151,18.6,4.2,220,83,6.7,2.5,512,185,15.7,5.6,235,93,7.2,2.8,86,53,2.6,1.6,996,211,30.5,6.0,3263,197,3263,(X),18,28,0.6,0.9,34,40,1.0,1.2,367,158,11.2,4.6,357,140,10.9,4.2,474,134,14.5,4.1,523,128,16.0,4.1,437,113,13.4,3.3,507,143,15.5,4.3,546,120,16.7,3.7,6.2,0.4,(X),(X),3263,197,3263,(X),18,28,0.6,0.9,461,193,14.1,5.6,797,171,24.4,5.2,1173,160,35.9,4.4,611,133,18.7,4.1,203,76,6.2,2.3,2992,167,2992,(X),2337,184,78.1,5.4,655,174,21.9,5.4,2.32,0.14,(X),(X),1.77,0.32,(X),(X),2992,167,2992,(X),29,42,1.0,1.4,691,222,23.1,7.0,1007,178,33.7,6.0,578,132,19.3,4.4,375,123,12.5,4.0,312,114,10.4,3.8,2992,167,2992,(X),117,60,3.9,2.0,995,240,33.3,6.8,1179,195,39.4,6.5,701,150,23.4,5.6,2992,167,2992,(X),127,117,4.2,3.9,129,67,4.3,2.3,434,143,14.5,4.5,2249,226,75.2,6.4,0,17,0.0,1.1,42,38,1.4,1.3,0,17,0.0,1.1,11,18,0.4,0.6,0,17,0.0,1.1,2992,167,2992,(X),0,17,0.0,1.1,0,17,0.0,1.1,38,44,1.3,1.5,2992,167,2992,(X),2992,167,100.0,1.1,0,17,0.0,1.1,0,17,0.0,1.1,2337,184,2337,(X),15,25,0.6,1.1,22,36,0.9,1.5,78,73,3.3,3.1,168,79,7.2,3.3,476,146,20.4,5.8,909,170,38.9,6.8,537,120,23.0,5.0,132,63,5.6,2.7,370600,23269,(X),(X),2337,184,2337,(X),1493,185,63.9,7.2,844,192,36.1,7.2,1493,185,1493,(X),0,17,0.0,2.2,37,35,2.5,2.3,230,93,15.4,5.9,299,95,20.0,6.1,382,118,25.6,7.1,185,83,12.4,5.4,360,122,24.1,7.4,2236,132,(X),(X),844,192,844,(X),75,63,8.9,7.4,91,55,10.8,6.6,147,93,17.4,9.3,148,79,17.5,9.0,86,58,10.2,6.6,297,129,35.2,11.9,781,108,(X),(X),1493,185,1493,(X),699,134,46.8,8.2,188,87,12.6,5.6,114,70,7.6,4.5,97,65,6.5,4.3,395,125,26.5,6.9,0,17,(X),(X),844,192,844,(X),330,119,39.1,13.8,130,94,15.4,9.8,127,99,15.0,10.7,31,34,3.7,4.0,37,42,4.4,5.0,47,43,5.6,5.0,142,76,16.8,7.9,0,17,(X),(X),601,162,601,(X),34,27,5.7,4.5,230,131,38.3,19.3,207,126,34.4,18.0,82,65,13.6,10.6,30,34,5.0,5.6,0,17,0.0,5.3,18,30,3.0,5.1,1059,183,(X),(X),54,52,(X),(X),541,158,541,(X),89,67,16.5,11.3,62,49,11.5,9.1,85,103,15.7,18.5,0,17,0.0,5.8,16,25,3.0,4.7,289,138,53.4,20.7,114,108,(X),(X)
0600000US0900735230,0900735230,"Haddam town, Middlesex County, Connecticut",3552,196,3552,(X),3268,184,92.0,4.0,284,147,8.0,4.0,0.0,1.1,(X),(X),0.0,10.0,(X),(X),3552,196,3552,(X),3327,224,93.7,3.4,14,22,0.4,0.6,70,87,2.0,2.5,53,67,1.5,1.9,27,33,0.8,0.9,12,21,0.3,0.6,49,49,1.4,1.4,0,17,0.0,0.9,0,17,0.0,0.9,3552,196,3552,(X),0,17,0.0,0.9,33,38,0.9,1.1,452,139,12.7,4.0,311,128,8.8,3.5,464,128,13.1,3.5,798,175,22.5,4.9,213,72,6.0,2.0,571,211,16.1,5.7,253,122,7.1,3.5,457,157,12.9,4.2,3552,196,3552,(X),0,17,0.0,0.9,30,35,0.8,1.0,160,98,4.5,2.8,329,161,9.3,4.5,378,134,10.6,3.8,896,216,25.2,5.3,617,133,17.4,3.9,602,143,16.9,4.1,540,149,15.2,4.1,6.5,0.3,(X),(X),3552,196,3552,(X),16,26,0.5,0.7,215,108,6.1,3.1,695,173,19.6,4.8,1714,264,48.3,6.1,769,151,21.6,4.4,143,72,4.0,2.1,3268,184,3268,(X),2960,215,90.6,4.2,308,140,9.4,4.2,2.60,0.16,(X),(X),1.92,0.31,(X),(X),3268,184,3268,(X),0,17,0.0,1.0,521,153,15.9,4.6,1079,195,33.0,5.6,602,148,18.4,4.6,497,140,15.2,4.2,569,146,17.4,4.3,3268,184,3268,(X),98,92,3.0,2.8,789,186,24.1,5.2,1150,196,35.2,5.7,1231,176,37.7,5.7,3268,184,3268,(X),39,42,1.2,1.3,281,129,8.6,3.9,290,135,8.9,4.0,2330,212,71.3,5.8,21,34,0.6,1.0,242,103,7.4,3.1,0,17,0.0,1.0,30,35,0.9,1.1,35,39,1.1,1.2,3268,184,3268,(X),0,17,0.0,1.0,0,17,0.0,1.0,0,17,0.0,1.0,3268,184,3268,(X),3244,197,99.3,1.1,24,35,0.7,1.1,0,17,0.0,1.0,2960,215,2960,(X),36,42,1.2,1.4,9,15,0.3,0.5,97,67,3.3,2.2,224,129,7.6,4.1,1011,157,34.2,5.4,1263,218,42.7,6.2,269,99,9.1,3.5,51,47,1.7,1.6,313300,20460,(X),(X),2960,215,2960,(X),1990,231,67.2,6.2,970,197,32.8,6.2,1990,231,1990,(X),0,17,0.0,1.6,44,41,2.2,2.0,233,114,11.7,5.4,483,163,24.3,7.5,401,145,20.2,6.6,353,105,17.7,5.1,476,119,23.9,6.1,2293,171,(X),(X),970,197,970,(X),36,42,3.7,4.2,14,25,1.4,2.5,75,49,7.7,4.9,259,111,26.7,9.2,241,118,24.8,10.9,345,103,35.6,8.8,873,72,(X),(X),1977,236,1977,(X),751,209,38.0,9.8,427,163,21.6,7.8,260,108,13.2,5.4,132,72,6.7,3.7,407,154,20.6,7.1,13,20,(X),(X),970,197,970,(X),325,129,33.5,10.7,219,89,22.6,8.5,75,58,7.7,6.0,63,45,6.5,4.4,177,106,18.2,9.5,31,34,3.2,3.6,80,60,8.2,6.3,0,17,(X),(X),283,138,283,(X),32,26,11.3,10.5,133,85,47.0,28.1,64,85,22.6,27.6,54,89,19.1,28.4,0,17,0.0,10.8,0,17,0.0,10.8,0,17,0.0,10.8,943,348,(X),(X),25,28,(X),(X),272,136,272,(X),61,70,22.4,25.7,0,17,0.0,11.2,26,30,9.6,12.1,0,17,0.0,11.2,0,17,0.0,11.2,185,130,68.0,27.5,36,33,(X),(X)
0600000US0900740710,0900740710,"Killingworth town, Middlesex County, Connecticut",2709,128,2709,(X),2513,111,92.8,4.6,196,130,7.2,4.6,1.9,3.0,(X),(X),0.0,23.1,(X),(X),2709,128,2709,(X),2333,152,86.1,3.8,31,35,1.1,1.3,31,36,1.1,1.3,18,29,0.7,1.1,0,17,0.0,1.2,0,17,0.0,1.2,0,17,0.0,1.2,296,103,10.9,3.8,0,17,0.0,1.2,2709,128,2709,(X),0,17,0.0,1.2,49,74,1.8,2.8,415,117,15.3,4.4,498,127,18.4,4.8,530,160,19.6,5.9,525,138,19.4,5.2,196,75,7.2,2.7,40,39,1.5,1.4,92,62,3.4,2.3,364,154,13.4,5.4,2709,128,2709,(X),0,17,0.0,1.2,0,17,0.0,1.2,13,22,0.5,0.8,293,120,10.8,4.3,381,113,14.1,4.2,351,132,13.0,4.7,455,93,16.8,3.4,553,163,20.4,6.2,663,160,24.5,5.8,7.2,0.4,(X),(X),2709,128,2709,(X),0,17,0.0,1.2,59,50,2.2,1.8,506,139,18.7,4.9,1283,169,47.4,5.8,808,136,29.8,5.1,53,40,2.0,1.4,2513,111,2513,(X),2391,119,95.1,2.8,122,72,4.9,2.8,2.56,0.12,(X),(X),3.03,0.83,(X),(X),2513,111,2513,(X),0,17,0.0,1.3,380,149,15.1,5.8,994,183,39.6,7.0,625,125,24.9,5.1,250,119,9.9,4.7,264,96,10.5,3.7,2513,111,2513,(X),41,39,1.6,1.5,489,161,19.5,6.0,1004,142,40.0,5.7,979,149,39.0,6.2,2513,111,2513,(X),57,49,2.3,1.9,475,155,18.9,6.0,224,105,8.9,4.1,1563,165,62.2,6.3,0,17,0.0,1.3,144,75,5.7,3.0,0,17,0.0,1.3,50,37,2.0,1.4,0,17,0.0,1.3,2513,111,2513,(X),0,17,0.0,1.3,0,17,0.0,1.3,32,37,1.3,1.4,2513,111,2513,(X),2513,111,100.0,1.3,0,17,0.0,1.3,0,17,0.0,1.3,2391,119,2391,(X),146,70,6.1,2.9,70,53,2.9,2.2,121,85,5.1,3.6,93,55,3.9,2.3,242,90,10.1,3.8,1140,174,47.7,6.9,565,141,23.6,5.7,14,22,0.6,0.9,385300,23913,(X),(X),2391,119,2391,(X),1693,143,70.8,5.1,698,130,29.2,5.1,1693,143,1693,(X),53,82,3.1,4.9,15,23,0.9,1.3,89,55,5.3,3.3,220,91,13.0,5.1,458,148,27.1,8.3,319,104,18.8,6.3,539,130,31.8,7.3,2518,164,(X),(X),698,130,698,(X),22,35,3.2,5.0,11,18,1.6,2.6,152,79,21.8,10.5,126,75,18.1,10.0,156,72,22.3,10.5,231,99,33.1,11.7,837,85,(X),(X),1693,143,1693,(X),648,140,38.3,7.3,307,110,18.1,6.4,218,91,12.9,5.4,164,84,9.7,4.9,356,92,21.0,5.0,0,17,(X),(X),698,130,698,(X),227,95,32.5,11.7,53,42,7.6,5.8,41,38,5.9,5.4,117,56,16.8,7.4,38,43,5.4,6.1,38,37,5.4,5.3,184,74,26.4,9.2,0,17,(X),(X),107,68,107,(X),0,17,0.0,25.7,18,29,16.8,25.4,53,58,49.5,43.4,36,42,33.6,41.5,0,17,0.0,25.7,0,17,0.0,25.7,0,17,0.0,25.7,1167,449,(X),(X),15,24,(X),(X),107,68,107,(X),39,52,36.4,42.9,19,33,17.8,33.0,0,17,0.0,25.7,14,23,13.1,21.3,0,17,0.0,25.7,35,39,32.7,29.9,15,24,(X),(X)
0600000US0900747080,0900747080,"Middlefield town, Middlesex County, Connecticut",1822,119,1822,(X),1751,122,96.1,3.6,71,67,3.9,3.6,0.0,2.0,(X),(X),0.0,17.6,(X),(X),1822,119,1822,(X),1671,115,91.7,3.2,85,36,4.7,1.9,5,9,0.3,0.5,15,16,0.8,0.9,17,20,0.9,1.1,0,12,0.0,1.8,0,12,0.0,1.8,29,44,1.6,2.4,0,12,0.0,1.8,1822,119,1822,(X),0,12,0.0,1.8,9,13,0.5,0.7,230,99,12.6,5.4,155,59,8.5,3.1,221,60,12.1,3.2,121,46,6.6,2.5,220,69,12.1,3.7,536,109,29.4,5.9,110,65,6.0,3.5,220,82,12.1,4.3,1822,119,1822,(X),0,12,0.0,1.8,9,15,0.5,0.8,63,46,3.5,2.5,124,55,6.8,3.0,340,88,18.7,5.1,540,124,29.6,6.4,260,98,14.3,5.1,213,82,11.7,4.5,273,86,15.0,4.8,6.2,0.2,(X),(X),1822,119,1822,(X),0,12,0.0,1.8,116,68,6.4,3.7,321,92,17.6,4.9,979,140,53.7,7.1,310,85,17.0,4.5,96,60,5.3,3.3,1751,122,1751,(X),1584,122,90.5,4.2,167,76,9.5,4.2,2.61,0.19,(X),(X),1.62,0.27,(X),(X),1751,122,1751,(X),0,12,0.0,1.8,154,64,8.8,3.7,724,119,41.3,6.2,323,70,18.4,4.0,197,72,11.3,4.1,353,100,20.2,5.2,1751,122,1751,(X),24,23,1.4,1.3,398,125,22.7,6.1,868,118,49.6,6.5,461,102,26.3,6.3,1751,122,1751,(X),77,61,4.4,3.5,139,59,7.9,3.3,209,76,11.9,4.2,1225,135,70.0,6.2,15,18,0.9,1.0,37,32,2.1,1.8,0,12,0.0,1.8,24,22,1.4,1.3,25,41,1.4,2.3,1751,122,1751,(X),23,35,1.3,2.0,23,35,1.3,2.0,28,22,1.6,1.2,1751,122,1751,(X),1744,126,99.6,0.6,7,11,0.4,0.6,0,12,0.0,1.8,1584,122,1584,(X),35,26,2.2,1.7,25,23,1.6,1.5,18,19,1.1,1.2,168,69,10.6,4.3,545,114,34.4,6.6,609,119,38.4,7.2,175,84,11.0,5.2,9,14,0.6,0.9,300300,25244,(X),(X),1584,122,1584,(X),1058,117,66.8,7.4,526,137,33.2,7.4,1058,117,1058,(X),0,12,0.0,3.0,27,24,2.6,2.3,126,58,11.9,5.3,250,90,23.6,7.6,332,92,31.4,8.0,74,35,7.0,3.2,249,74,23.5,7.2,2190,114,(X),(X),526,137,526,(X),9,15,1.7,2.8,0,12,0.0,6.0,65,40,12.4,6.6,152,74,28.9,12.1,115,55,21.9,9.8,185,79,35.2,11.5,852,90,(X),(X),1058,117,1058,(X),291,72,27.5,6.3,300,91,28.4,8.1,136,50,12.9,4.8,149,79,14.1,7.3,182,72,17.2,6.2,0,12,(X),(X),516,133,516,(X),137,57,26.6,10.4,88,55,17.1,9.6,53,32,10.3,5.6,103,57,20.0,9.6,19,22,3.7,4.1,49,36,9.5,6.0,67,39,13.0,6.6,10,16,(X),(X),91,56,91,(X),8,13,8.8,16.5,10,15,11.0,17.9,64,52,70.3,26.3,9,14,9.9,16.3,0,12,0.0,29.2,0,12,0.0,29.2,0,12,0.0,29.2,1328,94,(X),(X),76,61,(X),(X),91,56,91,(X),0,12,0.0,29.2,0,12,0.0,29.2,0,12,0.0,29.2,18,21,19.8,24.3,0,12,0.0,29.2,73,52,80.2,24.3,76,61,(X),(X)
0600000US0900747360,0900747360,"Middletown town, Middlesex County, Connecticut",21081,543,21081,(X),19070,484,90.5,1.4,2011,314,9.5,1.4,3.2,1.3,(X),(X),7.8,2.4,(X),(X),21081,543,21081,(X),9332,378,44.3,1.7,1036,142,4.9,0.7,1969,304,9.3,1.4,1633,252,7.7,1.2,2071,324,9.8,1.5,1992,299,9.4,1.4,3014,352,14.3,1.6,34,31,0.2,0.1,0,25,0.0,0.2,21081,543,21081,(X),8,13,0.0,0.1,104,79,0.5,0.4,1370,229,6.5,1.1,2506,319,11.9,1.5,3765,404,17.9,1.9,3151,343,14.9,1.6,2455,298,11.6,1.4,2379,307,11.3,1.5,866,192,4.1,0.9,4477,340,21.2,1.4,21081,543,21081,(X),393,132,1.9,0.6,1002,232,4.8,1.1,2668,327,12.7,1.4,4279,432,20.3,2.0,4411,426,20.9,2.0,3154,367,15.0,1.8,1923,237,9.1,1.1,1781,266,8.4,1.3,1470,230,7.0,1.1,5.0,0.1,(X),(X),21081,543,21081,(X),482,134,2.3,0.6,3867,371,18.3,1.6,7208,424,34.2,1.8,6763,427,32.1,1.9,2159,268,10.2,1.3,602,151,2.9,0.7,19070,484,19070,(X),10092,390,52.9,2.1,8978,516,47.1,2.1,2.44,0.08,(X),(X),2.00,0.08,(X),(X),19070,484,19070,(X),371,148,1.9,0.8,6558,535,34.4,2.5,6467,443,33.9,2.2,2694,291,14.1,1.6,1256,189,6.6,1.0,1724,185,9.0,1.0,19070,484,19070,(X),1973,294,10.3,1.5,7191,461,37.7,2.2,6977,413,36.6,2.0,2929,278,15.4,1.5,19070,484,19070,(X),4969,384,26.1,1.9,391,126,2.1,0.7,4651,416,24.4,2.2,8442,474,44.3,2.2,0,25,0.0,0.2,216,127,1.1,0.7,0,25,0.0,0.2,116,50,0.6,0.3,285,123,1.5,0.6,19070,484,19070,(X),57,51,0.3,0.3,85,38,0.4,0.2,382,135,2.0,0.7,19070,484,19070,(X),18791,499,98.5,0.5,249,98,1.3,0.5,30,38,0.2,0.2,10092,390,10092,(X),246,89,2.4,0.9,509,161,5.0,1.6,1241,246,12.3,2.3,1903,240,18.9,2.3,3695,377,36.6,3.4,2282,259,22.6,2.5,195,86,1.9,0.8,21,23,0.2,0.2,226800,6222,(X),(X),10092,390,10092,(X),7318,402,72.5,2.6,2774,282,27.5,2.6,7318,402,7318,(X),18,21,0.2,0.3,412,137,5.6,1.8,1586,239,21.7,3.0,2180,304,29.8,3.7,1592,230,21.8,3.1,998,216,13.6,2.7,532,153,7.3,2.1,1873,60,(X),(X),2774,282,2774,(X),103,64,3.7,2.3,52,37,1.9,1.3,479,128,17.3,4.2,892,172,32.2,4.9,666,146,24.0,4.6,582,112,21.0,3.9,774,26,(X),(X),7299,404,7299,(X),2953,309,40.5,3.5,1081,193,14.8,2.6,1135,223,15.6,2.9,704,177,9.6,2.3,1426,234,19.5,3.1,19,24,(X),(X),2754,280,2754,(X),908,189,33.0,5.7,588,131,21.4,4.2,272,89,9.9,3.1,137,59,5.0,2.1,216,78,7.8,2.7,187,87,6.8,3.0,446,110,16.2,3.7,20,21,(X),(X),8634,528,8634,(X),834,165,9.7,1.8,3025,367,35.0,3.8,3512,405,40.7,3.9,1103,255,12.8,2.8,73,50,0.8,0.6,25,30,0.3,0.3,62,61,0.7,0.7,1054,37,(X),(X),344,159,(X),(X),8543,523,8543,(X),934,208,10.9,2.4,1395,260,16.3,3.0,1094,220,12.8,2.4,1285,251,15.0,2.9,729,182,8.5,2.1,3106,418,36.4,3.8,435,178,(X),(X)
0600000US0900757320,0900757320,"Old Saybrook town, Middlesex County, Connecticut",5723,252,5723,(X),4264,190,74.5,3.6,1459,244,25.5,3.6,2.1,2.2,(X),(X),10.0,10.3,(X),(X),5723,252,5723,(X),5256,251,91.8,2.3,79,36,1.4,0.6,114,88,2.0,1.5,104,84,1.8,1.5,128,97,2.2,1.7,11,18,0.2,0.3,16,24,0.3,0.4,5,7,0.1,0.1,10,16,0.2,0.3,5723,252,5723,(X),0,19,0.0,0.6,55,55,1.0,1.0,305,104,5.3,1.8,403,139,7.0,2.4,781,179,13.6,3.0,747,157,13.1,2.8,998,224,17.4,3.9,1247,229,21.8,4.2,309,111,5.4,2.0,878,232,15.3,3.7,5723,252,5723,(X),0,19,0.0,0.6,10,16,0.2,0.3,156,80,2.7,1.4,597,168,10.4,2.9,1130,237,19.7,4.0,1488,253,26.0,4.3,951,207,16.6,3.5,542,134,9.5,2.3,849,145,14.8,2.5,6.2,0.2,(X),(X),5723,252,5723,(X),0,19,0.0,0.6,198,101,3.5,1.8,1376,250,24.0,4.3,2666,320,46.6,5.1,1149,200,20.1,3.3,334,123,5.8,2.2,4264,190,4264,(X),3552,247,83.3,4.1,712,173,16.7,4.1,2.33,0.08,(X),(X),2.56,0.40,(X),(X),4264,190,4264,(X),31,32,0.7,0.8,816,198,19.1,4.4,1579,218,37.0,5.2,948,172,22.2,3.9,385,131,9.0,3.0,505,107,11.8,2.3,4264,190,4264,(X),86,45,2.0,1.0,1512,248,35.5,4.9,1671,206,39.2,4.9,995,132,23.3,3.4,4264,190,4264,(X),192,72,4.5,1.6,370,108,8.7,2.5,630,127,14.8,2.9,2873,210,67.4,4.2,22,24,0.5,0.6,148,96,3.5,2.2,0,19,0.0,0.8,1,2,0.0,0.1,28,29,0.7,0.7,4264,190,4264,(X),10,16,0.2,0.4,10,16,0.2,0.4,19,22,0.4,0.5,4264,190,4264,(X),4239,191,99.4,0.7,25,29,0.6,0.7,0,19,0.0,0.8,3552,247,3552,(X),78,48,2.2,1.3,15,17,0.4,0.5,40,33,1.1,0.9,55,44,1.5,1.2,901,190,25.4,4.7,1540,209,43.4,4.9,739,159,20.8,4.6,184,79,5.2,2.2,369300,17909,(X),(X),3552,247,3552,(X),2175,220,61.2,4.3,1377,177,38.8,4.3,2175,220,2175,(X),10,16,0.5,0.7,104,61,4.8,2.8,148,63,6.8,2.9,572,167,26.3,7.1,620,186,28.5,7.4,332,113,15.3,4.9,389,106,17.9,5.0,2204,105,(X),(X),1377,177,1377,(X),21,24,1.5,1.7,30,29,2.2,2.1,257,96,18.7,6.3,429,123,31.2,8.2,260,80,18.9,5.5,380,122,27.6,8.0,779,53,(X),(X),2160,219,2160,(X),631,137,29.2,6.0,371,122,17.2,5.4,232,86,10.7,3.6,253,106,11.7,5.0,673,173,31.2,6.6,15,22,(X),(X),1365,175,1365,(X),347,88,25.4,6.1,205,89,15.0,6.2,122,68,8.9,5.1,130,55,9.5,4.0,157,59,11.5,4.1,169,92,12.4,6.2,235,111,17.2,7.5,12,20,(X),(X),675,175,675,(X),51,45,7.6,6.7,9,15,1.3,2.2,199,105,29.5,14.3,321,160,47.6,17.5,54,52,8.0,7.7,28,45,4.1,6.6,13,18,1.9,2.8,1622,145,(X),(X),37,34,(X),(X),675,175,675,(X),87,88,12.9,12.0,46,37,6.8,5.5,73,75,10.8,10.8,56,66,8.3,8.9,52,41,7.7,6.1,361,121,53.5,14.9,37,34,(X),(X)
0600000US0900761800,0900761800,"Portland town, Middlesex County, Connecticut",4308,208,4308,(X),3907,153,90.7,3.5,401,162,9.3,3.5,5.0,2.7,(X),(X),0.0,5.2,(X),(X),4308,208,4308,(X),3592,218,83.4,3.3,55,39,1.3,0.9,262,118,6.1,2.7,258,101,6.0,2.3,40,26,0.9,0.6,51,42,1.2,1.0,50,38,1.2,0.9,0,17,0.0,0.8,0,17,0.0,0.8,4308,208,4308,(X),0,17,0.0,0.8,0,17,0.0,0.8,498,150,11.6,3.5,310,128,7.2,2.9,539,178,12.5,4.2,323,113,7.5,2.7,489,140,11.4,3.1,742,162,17.2,3.5,347,125,8.1,2.9,1060,182,24.6,4.0,4308,208,4308,(X),43,54,1.0,1.3,10,15,0.2,0.3,263,116,6.1,2.6,334,130,7.8,2.9,779,178,18.1,4.0,1012,224,23.5,5.1,840,177,19.5,3.9,526,160,12.2,3.7,501,133,11.6,3.2,6.2,0.2,(X),(X),4308,208,4308,(X),43,54,1.0,1.3,372,137,8.6,3.0,1035,197,24.0,4.3,2095,213,48.6,5.2,687,159,15.9,3.5,76,53,1.8,1.3,3907,153,3907,(X),3297,183,84.4,3.6,610,144,15.6,3.6,2.46,0.10,(X),(X),1.94,0.31,(X),(X),3907,153,3907,(X),45,67,1.2,1.7,711,163,18.2,4.1,1322,191,33.8,4.7,728,176,18.6,4.4,416,121,10.6,3.1,685,152,17.5,3.8,3907,153,3907,(X),200,100,5.1,2.5,927,188,23.7,4.4,1894,190,48.5,4.8,886,179,22.7,4.8,3907,153,3907,(X),440,140,11.3,3.5,73,43,1.9,1.1,316,122,8.1,3.0,3002,184,76.8,4.7,0,17,0.0,0.8,61,55,1.6,1.4,0,17,0.0,0.8,15,17,0.4,0.4,0,17,0.0,0.8,3907,153,3907,(X),29,44,0.7,1.1,29,44,0.7,1.1,38,34,1.0,0.9,3907,153,3907,(X),3907,153,100.0,0.8,0,17,0.0,0.8,0,17,0.0,0.8,3297,183,3297,(X),35,32,1.1,1.0,40,46,1.2,1.4,153,78,4.6,2.3,462,144,14.0,4.2,1371,230,41.6,6.2,1093,177,33.2,5.5,128,82,3.9,2.6,15,24,0.5,0.7,260000,17898,(X),(X),3297,183,3297,(X),2174,198,65.9,4.9,1123,176,34.1,4.9,2174,198,2174,(X),0,17,0.0,1.5,69,46,3.2,2.1,355,143,16.3,6.3,732,170,33.7,7.4,378,114,17.4,5.0,292,123,13.4,5.6,348,126,16.0,5.6,1961,97,(X),(X),1123,176,1123,(X),0,17,0.0,2.8,37,36,3.3,3.2,151,65,13.4,5.5,227,82,20.2,7.2,374,145,33.3,11.4,334,129,29.7,10.2,904,55,(X),(X),2174,198,2174,(X),888,202,40.8,8.2,414,165,19.0,7.4,246,93,11.3,4.4,318,127,14.6,5.7,308,111,14.2,4.9,0,17,(X),(X),1123,176,1123,(X),307,115,27.3,8.9,330,121,29.4,10.1,126,60,11.2,5.4,74,47,6.6,4.2,119,77,10.6,6.4,52,40,4.6,3.5,115,66,10.2,5.8,0,17,(X),(X),582,139,582,(X),129,80,22.2,12.2,163,80,28.0,10.5,151,71,25.9,12.2,91,58,15.6,9.1,39,42,6.7,6.9,9,14,1.5,2.4,0,17,0.0,5.4,998,186,(X),(X),28,26,(X),(X),582,139,582,(X),42,34,7.2,6.0,62,72,10.7,11.1,94,62,16.2,9.9,28,23,4.8,3.9,10,16,1.7,2.7,346,106,59.5,13.5,28,26,(X),(X)
0600000US0900781680,0900781680,"Westbrook town, Middlesex County, Connecticut",3641,216,3641,(X),2810,172,77.2,4.1,831,176,22.8,4.1,3.3,3.6,(X),(X),5.9,9.3,(X),(X),3641,216,3641,(X),2851,262,78.3,5.3,54,43,1.5,1.2,184,129,5.1,3.5,130,97,3.6,2.7,107,84,2.9,2.3,33,52,0.9,1.4,12,19,0.3,0.5,270,82,7.4,2.3,0,17,0.0,0.9,3641,216,3641,(X),0,17,0.0,0.9,31,34,0.9,0.9,269,123,7.4,3.3,372,121,10.2,3.3,375,153,10.3,4.0,536,145,14.7,4.2,496,148,13.6,4.0,315,112,8.7,3.1,417,116,11.5,3.1,830,222,22.8,5.8,3641,216,3641,(X),11,19,0.3,0.5,33,52,0.9,1.4,287,146,7.9,3.9,678,196,18.6,5.2,714,207,19.6,5.5,651,171,17.9,4.7,657,171,18.0,4.5,259,121,7.1,3.4,351,132,9.6,3.5,5.6,0.4,(X),(X),3641,216,3641,(X),11,19,0.3,0.5,489,176,13.4,4.7,1251,263,34.4,6.8,1158,201,31.8,5.5,570,159,15.7,4.2,162,97,4.4,2.6,2810,172,2810,(X),2187,212,77.8,6.3,623,185,22.2,6.3,2.52,0.18,(X),(X),2.04,0.32,(X),(X),2810,172,2810,(X),14,24,0.5,0.9,663,169,23.6,5.6,941,205,33.5,6.7,586,160,20.9,5.7,439,117,15.6,4.3,167,76,5.9,2.7,2810,172,2810,(X),96,79,3.4,2.7,809,173,28.8,5.2,994,196,35.4,6.7,911,181,32.4,6.8,2810,172,2810,(X),176,87,6.3,3.1,455,154,16.2,5.1,524,146,18.6,5.3,1524,214,54.2,6.4,0,17,0.0,1.1,74,58,2.6,2.1,14,24,0.5,0.8,31,36,1.1,1.3,12,19,0.4,0.7,2810,172,2810,(X),0,17,0.0,1.1,0,17,0.0,1.1,85,81,3.0,2.9,2810,172,2810,(X),2801,173,99.7,0.6,9,16,0.3,0.6,0,17,0.0,1.1,2187,212,2187,(X),231,97,10.6,4.3,77,48,3.5,2.2,159,124,7.3,5.4,82,65,3.7,2.9,330,112,15.1,5.1,814,168,37.2,7.3,308,132,14.1,5.7,186,96,8.5,4.3,356700,37679,(X),(X),2187,212,2187,(X),1361,195,62.2,7.2,826,182,37.8,7.2,1361,195,1361,(X),34,38,2.5,2.8,111,94,8.2,6.4,99,64,7.3,4.4,383,143,28.1,10.1,410,122,30.1,8.4,113,67,8.3,5.1,211,88,15.5,6.1,2065,156,(X),(X),826,182,826,(X),17,27,2.1,3.2,84,63,10.2,8.0,150,93,18.2,9.8,256,124,31.0,13.5,138,82,16.7,9.0,181,109,21.9,11.7,749,49,(X),(X),1361,195,1361,(X),395,154,29.0,10.0,310,106,22.8,8.0,226,87,16.6,6.1,46,44,3.4,3.3,384,150,28.2,9.7,0,17,(X),(X),826,182,826,(X),272,130,32.9,13.6,165,93,20.0,11.0,75,56,9.1,6.6,121,68,14.6,7.3,66,50,8.0,5.8,25,28,3.0,3.4,102,69,12.3,7.6,0,17,(X),(X),528,165,528,(X),15,25,2.8,5.0,175,103,33.1,16.1,225,120,42.6,17.5,86,61,16.3,11.1,19,33,3.6,6.1,8,16,1.5,3.3,0,17,0.0,6.0,1175,175,(X),(X),95,63,(X),(X),528,165,528,(X),102,81,19.3,15.2,0,17,0.0,6.0,46,42,8.7,8.3,56,67,10.6,12.0,16,25,3.0,4.5,308,146,58.3,18.3,95,63,(X),(X)
0600000US0900900000,0900900000,"County subdivisions not defined, New Haven County, Connecticut",0,12,0,(X),0,12,-,**,0,12,-,**,-,**,(X),(X),-,**,(X),(X),0,12,0,(X),0,12,-,**,0,12,-,**,0,12,-,**,0,12,-,**,0,12,-,**,0,12,-,**,0,12,-,**,0,12,-,**,0,12,-,**,0,12,0,(X),0,12,-,**,0,12,-,**,0,12,-,**,0,12,-,**,0,12,-,**,0,12,-,**,0,12,-,**,0,12,-,**,0,12,-,**,0,12,-,**,0,12,0,(X),0,12,-,**,0,12,-,**,0,12,-,**,0,12,-,**,0,12,-,**,0,12,-,**,0,12,-,**,0,12,-,**,0,12,-,**,-,**,(X),(X),0,12,0,(X),0,12,-,**,0,12,-,**,0,12,-,**,0,12,-,**,0,12,-,**,0,12,-,**,0,12,0,(X),0,12,-,**,0,12,-,**,-,**,(X),(X),-,**,(X),(X),0,12,0,(X),0,12,-,**,0,12,-,**,0,12,-,**,0,12,-,**,0,12,-,**,0,12,-,**,0,12,0,(X),0,12,-,**,0,12,-,**,0,12,-,**,0,12,-,**,0,12,0,(X),0,12,-,**,0,12,-,**,0,12,-,**,0,12,-,**,0,12,-,**,0,12,-,**,0,12,-,**,0,12,-,**,0,12,-,**,0,12,0,(X),0,12,-,**,0,12,-,**,0,12,-,**,0,12,0,(X),0,12,-,**,0,12,-,**,0,12,-,**,0,12,0,(X),0,12,-,**,0,12,-,**,0,12,-,**,0,12,-,**,0,12,-,**,0,12,-,**,0,12,-,**,0,12,-,**,-,**,(X),(X),0,12,0,(X),0,12,-,**,0,12,-,**,0,12,0,(X),0,12,-,**,0,12,-,**,0,12,-,**,0,12,-,**,0,12,-,**,0,12,-,**,0,12,-,**,-,**,(X),(X),0,12,0,(X),0,12,-,**,0,12,-,**,0,12,-,**,0,12,-,**,0,12,-,**,0,12,-,**,-,**,(X),(X),0,12,0,(X),0,12,-,**,0,12,-,**,0,12,-,**,0,12,-,**,0,12,-,**,0,12,(X),(X),0,12,0,(X),0,12,-,**,0,12,-,**,0,12,-,**,0,12,-,**,0,12,-,**,0,12,-,**,0,12,-,**,0,12,(X),(X),0,12,0,(X),0,12,-,**,0,12,-,**,0,12,-,**,0,12,-,**,0,12,-,**,0,12,-,**,0,12,-,**,-,**,(X),(X),0,12,(X),(X),0,12,0,(X),0,12,-,**,0,12,-,**,0,12,-,**,0,12,-,**,0,12,-,**,0,12,-,**,0,12,(X),(X)
0600000US0900901220,0900901220,"Ansonia town, New Haven County, Connecticut",7408,395,7408,(X),6954,339,93.9,2.5,454,197,6.1,2.5,1.9,1.7,(X),(X),5.2,4.0,(X),(X),7408,395,7408,(X),3422,262,46.2,3.3,313,132,4.2,1.8,1899,324,25.6,4.0,934,229,12.6,2.9,281,125,3.8,1.7,219,136,3.0,1.8,340,143,4.6,1.9,0,19,0.0,0.4,0,19,0.0,0.4,7408,395,7408,(X),0,19,0.0,0.4,10,15,0.1,0.2,58,35,0.8,0.5,375,160,5.1,2.1,308,114,4.2,1.6,912,204,12.3,2.7,876,193,11.8,2.4,1316,216,17.8,2.8,443,144,6.0,1.9,3110,324,42.0,3.7,7408,395,7408,(X),220,176,3.0,2.3,154,82,2.1,1.1,553,172,7.5,2.2,1375,273,18.6,3.4,1924,288,26.0,3.5,1505,222,20.3,2.9,714,144,9.6,1.9,542,153,7.3,2.1,421,130,5.7,1.8,5.2,0.2,(X),(X),7408,395,7408,(X),244,180,3.3,2.4,793,219,10.7,2.8,2406,333,32.5,3.8,2976,273,40.2,3.4,697,157,9.4,2.2,292,132,3.9,1.8,6954,339,6954,(X),3972,310,57.1,4.4,2982,378,42.9,4.4,2.82,0.19,(X),(X),2.59,0.24,(X),(X),6954,339,6954,(X),0,19,0.0,0.5,1425,253,20.5,3.4,2554,312,36.7,4.3,1053,206,15.1,2.7,744,196,10.7,2.7,1178,184,16.9,2.7,6954,339,6954,(X),1097,250,15.8,3.5,2376,351,34.2,4.3,2107,262,30.3,3.6,1374,205,19.8,3.2,6954,339,6954,(X),4081,352,58.7,4.1,89,48,1.3,0.7,768,209,11.0,2.9,1967,249,28.3,3.5,0,19,0.0,0.5,36,32,0.5,0.5,0,19,0.0,0.5,13,22,0.2,0.3,0,19,0.0,0.5,6954,339,6954,(X),50,79,0.7,1.1,50,79,0.7,1.1,84,81,1.2,1.2,6954,339,6954,(X),6647,390,95.6,2.0,205,95,2.9,1.4,102,108,1.5,1.6,3972,310,3972,(X),36,29,0.9,0.7,67,44,1.7,1.1,389,140,9.8,3.4,1116,200,28.1,4.1,1874,243,47.2,5.2,447,128,11.3,3.2,43,41,1.1,1.0,0,19,0.0,0.8,216500,7847,(X),(X),3972,310,3972,(X),2658,293,66.9,5.0,1314,217,33.1,5.0,2658,293,2658,(X),0,19,0.0,1.2,99,46,3.7,1.8,580,173,21.8,5.7,783,154,29.5,5.0,719,168,27.1,5.6,317,140,11.9,4.8,160,70,6.0,2.8,1926,94,(X),(X),1314,217,1314,(X),30,26,2.3,2.0,18,22,1.4,1.7,173,61,13.2,4.2,523,135,39.8,8.1,420,130,32.0,8.3,150,73,11.4,5.0,772,33,(X),(X),2651,295,2651,(X),690,145,26.0,4.7,308,87,11.6,3.0,294,102,11.1,4.0,216,90,8.1,3.5,1143,245,43.1,6.6,7,11,(X),(X),1305,217,1305,(X),361,117,27.7,8.0,194,75,14.9,5.3,129,55,9.9,4.2,102,49,7.8,3.5,89,50,6.8,3.8,61,39,4.7,3.1,369,144,28.3,8.6,9,10,(X),(X),2878,365,2878,(X),408,171,14.2,5.8,822,230,28.6,6.6,1291,262,44.9,8.3,271,128,9.4,4.1,68,55,2.4,1.8,18,23,0.6,0.8,0,19,0.0,1.1,1057,60,(X),(X),104,70,(X),(X),2814,372,2814,(X),215,109,7.6,3.7,375,148,13.3,4.6,330,156,11.7,5.2,174,113,6.2,4.0,170,82,6.0,2.9,1550,259,55.1,6.5,168,87,(X),(X)
0600000US0900903250,0900903250,"Beacon Falls town, New Haven County, Connecticut",2623,167,2623,(X),2370,158,90.4,5.1,253,142,9.6,5.1,0.0,1.6,(X),(X),0.0,8.0,(X),(X),2623,167,2623,(X),1537,175,58.6,5.8,260,109,9.9,4.1,129,93,4.9,3.5,305,150,11.6,5.7,48,55,1.8,2.1,50,61,1.9,2.3,79,49,3.0,1.9,215,87,8.2,3.3,0,17,0.0,1.2,2623,167,2623,(X),0,17,0.0,1.2,49,77,1.9,2.9,317,106,12.1,4.1,303,106,11.6,4.1,474,141,18.1,5.3,336,103,12.8,3.9,229,125,8.7,4.7,347,144,13.2,5.3,170,80,6.5,3.1,398,137,15.2,4.9,2623,167,2623,(X),25,29,1.0,1.1,94,91,3.6,3.4,189,98,7.2,3.8,375,151,14.3,5.3,511,158,19.5,5.9,615,131,23.4,4.9,365,99,13.9,3.8,131,66,5.0,2.5,318,92,12.1,3.5,5.7,0.2,(X),(X),2623,167,2623,(X),25,29,1.0,1.1,349,129,13.3,4.8,645,158,24.6,5.7,1203,171,45.9,5.9,295,124,11.2,4.8,106,90,4.0,3.4,2370,158,2370,(X),1981,161,83.6,4.7,389,116,16.4,4.7,2.73,0.20,(X),(X),1.67,0.38,(X),(X),2370,158,2370,(X),15,24,0.6,1.0,413,125,17.4,5.0,759,154,32.0,6.1,606,156,25.6,6.6,192,89,8.1,3.8,385,101,16.2,4.0,2370,158,2370,(X),58,47,2.4,1.9,720,198,30.4,7.1,823,172,34.7,7.2,769,157,32.4,7.3,2370,158,2370,(X),477,127,20.1,5.2,316,121,13.3,5.0,139,71,5.9,2.9,1307,155,55.1,6.0,0,17,0.0,1.4,119,91,5.0,3.8,0,17,0.0,1.4,12,21,0.5,0.9,0,17,0.0,1.4,2370,158,2370,(X),0,17,0.0,1.4,0,17,0.0,1.4,46,45,1.9,1.9,2370,158,2370,(X),2329,172,98.3,1.6,31,36,1.3,1.5,10,16,0.4,0.7,1981,161,1981,(X),103,60,5.2,3.0,106,63,5.4,3.2,213,100,10.8,4.9,328,95,16.6,4.6,682,156,34.4,7.0,412,119,20.8,6.3,137,106,6.9,5.2,0,17,0.0,1.6,233000,17716,(X),(X),1981,161,1981,(X),1269,120,64.1,5.8,712,150,35.9,5.8,1269,120,1269,(X),0,17,0.0,2.5,98,75,7.7,5.8,172,95,13.6,7.4,372,100,29.3,7.4,273,100,21.5,8.0,200,84,15.8,6.3,154,104,12.1,8.1,1989,186,(X),(X),712,150,712,(X),0,17,0.0,4.5,19,29,2.7,4.1,115,79,16.2,10.5,348,133,48.9,14.3,152,81,21.3,11.0,78,63,11.0,8.3,736,41,(X),(X),1269,120,1269,(X),528,126,41.6,9.6,262,106,20.6,8.2,196,96,15.4,7.3,69,53,5.4,4.1,214,96,16.9,7.2,0,17,(X),(X),712,150,712,(X),107,67,15.0,9.3,96,88,13.5,11.4,122,89,17.1,11.7,168,87,23.6,11.2,41,46,5.8,6.4,13,19,1.8,2.8,165,84,23.2,11.1,0,17,(X),(X),376,114,376,(X),0,17,0.0,8.3,88,86,23.4,20.3,212,84,56.4,21.8,76,78,20.2,19.4,0,17,0.0,8.3,0,17,0.0,8.3,0,17,0.0,8.3,1205,153,(X),(X),13,19,(X),(X),376,114,376,(X),97,94,25.8,22.1,85,59,22.6,15.5,71,46,18.9,13.3,0,17,0.0,8.3,106,91,28.2,22.1,17,26,4.5,7.0,13,19,(X),(X)
0600000US0900904580,0900904580,"Bethany town, New Haven County, Connecticut",2060,114,2060,(X),2042,105,99.1,1.3,18,28,0.9,1.3,1.0,1.5,(X),(X),0.0,13.7,(X),(X),2060,114,2060,(X),1927,119,93.5,2.9,0,17,0.0,1.6,66,51,3.2,2.4,0,17,0.0,1.6,0,17,0.0,1.6,0,17,0.0,1.6,0,17,0.0,1.6,67,30,3.3,1.4,0,17,0.0,1.6,2060,114,2060,(X),0,17,0.0,1.6,0,17,0.0,1.6,171,70,8.3,3.3,368,109,17.9,5.5,253,81,12.3,3.9,284,79,13.8,3.7,433,111,21.0,5.1,288,94,14.0,4.5,167,95,8.1,4.5,96,53,4.7,2.5,2060,114,2060,(X),0,17,0.0,1.6,7,12,0.3,0.6,29,24,1.4,1.2,79,47,3.8,2.3,207,80,10.0,3.8,396,113,19.2,5.2,446,95,21.7,4.3,429,113,20.8,5.7,467,108,22.7,5.1,7.2,0.3,(X),(X),2060,114,2060,(X),0,17,0.0,1.6,42,27,2.0,1.3,243,104,11.8,4.8,952,159,46.2,7.0,727,134,35.3,6.6,96,53,4.7,2.6,2042,105,2042,(X),1822,119,89.2,4.8,220,102,10.8,4.8,2.80,0.16,(X),(X),1.93,0.51,(X),(X),2042,105,2042,(X),52,74,2.5,3.7,353,133,17.3,6.3,595,133,29.1,6.5,453,134,22.2,6.2,240,65,11.8,3.2,349,71,17.1,3.3,2042,105,2042,(X),47,33,2.3,1.6,424,99,20.8,4.4,813,151,39.8,7.1,758,137,37.1,6.9,2042,105,2042,(X),0,17,0.0,1.6,258,82,12.6,3.9,7,13,0.3,0.6,1614,119,79.0,4.7,10,15,0.5,0.7,131,53,6.4,2.6,0,17,0.0,1.6,22,20,1.1,1.0,0,17,0.0,1.6,2042,105,2042,(X),0,17,0.0,1.6,0,17,0.0,1.6,0,17,0.0,1.6,2042,105,2042,(X),2042,105,100.0,1.6,0,17,0.0,1.6,0,17,0.0,1.6,1822,119,1822,(X),51,32,2.8,1.7,31,38,1.7,2.0,19,20,1.0,1.1,59,44,3.2,2.4,504,122,27.7,6.3,935,137,51.3,7.1,212,88,11.6,4.7,11,17,0.6,0.9,340900,17925,(X),(X),1822,119,1822,(X),1289,116,70.7,4.9,533,101,29.3,4.9,1289,116,1289,(X),9,15,0.7,1.1,16,25,1.2,1.9,126,70,9.8,5.1,156,63,12.1,4.8,306,102,23.7,7.5,266,98,20.6,7.5,410,109,31.8,8.1,2559,183,(X),(X),533,101,533,(X),6,10,1.1,1.9,0,17,0.0,5.9,22,21,4.1,3.8,89,39,16.7,6.4,150,66,28.1,10.4,266,73,49.9,11.6,1003,77,(X),(X),1289,116,1289,(X),467,118,36.2,9.1,150,60,11.6,4.5,214,89,16.6,6.6,80,47,6.2,3.5,378,112,29.3,7.8,0,17,(X),(X),506,93,506,(X),145,65,28.7,10.8,66,39,13.0,7.2,76,40,15.0,8.4,54,37,10.7,7.4,38,35,7.5,6.6,8,14,1.6,2.7,119,63,23.5,11.3,27,39,(X),(X),211,101,211,(X),0,17,0.0,14.2,76,54,36.0,23.7,93,79,44.1,27.4,29,29,13.7,13.5,13,20,6.2,9.2,0,17,0.0,14.2,0,17,0.0,14.2,1105,156,(X),(X),9,15,(X),(X),211,101,211,(X),33,37,15.6,16.0,35,36,16.6,16.6,30,37,14.2,17.4,0,17,0.0,14.2,26,32,12.3,15.2,87,76,41.2,26.0,9,15,(X),(X)
0600000US0900907310,0900907310,"Branford town, New Haven County, Connecticut",13967,446,13967,(X),12395,344,88.7,2.1,1572,322,11.3,2.1,1.4,1.3,(X),(X),8.2,3.3,(X),(X),13967,446,13967,(X),7146,369,51.2,2.1,1701,243,12.2,1.7,1016,246,7.3,1.7,899,205,6.4,1.5,1097,252,7.9,1.7,760,179,5.4,1.3,1015,238,7.3,1.7,333,113,2.4,0.8,0,22,0.0,0.2,13967,446,13967,(X),30,36,0.2,0.3,147,100,1.1,0.7,487,134,3.5,0.9,1133,261,8.1,1.8,2995,280,21.4,1.9,2290,284,16.4,2.1,1506,277,10.8,2.0,1658,248,11.9,1.8,765,207,5.5,1.4,2956,282,21.2,2.0,13967,446,13967,(X),227,151,1.6,1.1,555,200,4.0,1.4,1442,266,10.3,1.8,2330,306,16.7,2.1,2731,337,19.6,2.3,2459,331,17.6,2.3,1734,229,12.4,1.6,1248,185,8.9,1.3,1241,199,8.9,1.5,5.4,0.1,(X),(X),13967,446,13967,(X),267,149,1.9,1.1,2267,296,16.2,2.0,4954,411,35.5,2.8,4451,350,31.9,2.3,1667,231,11.9,1.6,361,111,2.6,0.8,12395,344,12395,(X),8459,389,68.2,2.6,3936,339,31.8,2.6,2.36,0.08,(X),(X),1.99,0.11,(X),(X),12395,344,12395,(X),164,103,1.3,0.8,2862,342,23.1,2.7,4296,395,34.7,3.0,2445,269,19.7,2.1,1093,202,8.8,1.6,1535,197,12.4,1.6,12395,344,12395,(X),680,190,5.5,1.5,4594,389,37.1,2.6,5054,317,40.8,2.7,2067,196,16.7,1.6,12395,344,12395,(X),6884,397,55.5,2.8,382,129,3.1,1.0,1748,246,14.1,2.0,3172,293,25.6,2.2,0,22,0.0,0.3,106,36,0.9,0.3,14,24,0.1,0.2,63,55,0.5,0.4,26,33,0.2,0.3,12395,344,12395,(X),49,67,0.4,0.5,143,120,1.2,1.0,181,82,1.5,0.7,12395,344,12395,(X),12354,345,99.7,0.2,20,21,0.2,0.2,21,26,0.2,0.2,8459,389,8459,(X),321,116,3.8,1.3,162,69,1.9,0.8,347,118,4.1,1.4,1241,217,14.7,2.4,2242,254,26.5,2.7,2710,249,32.0,2.9,1151,177,13.6,1.9,285,88,3.4,1.0,296400,9535,(X),(X),8459,389,8459,(X),5437,294,64.3,2.8,3022,302,35.7,2.8,5437,294,5437,(X),7,11,0.1,0.2,261,100,4.8,1.8,976,196,18.0,3.3,1288,190,23.7,3.3,1159,191,21.3,3.6,806,160,14.8,2.8,940,159,17.3,2.6,2080,84,(X),(X),3022,302,3022,(X),112,69,3.7,2.2,67,48,2.2,1.6,227,95,7.5,3.1,763,168,25.2,4.9,723,150,23.9,4.6,1130,178,37.4,4.6,876,28,(X),(X),5437,294,5437,(X),1674,227,30.8,3.7,1005,187,18.5,3.4,849,152,15.6,2.8,547,159,10.1,2.8,1362,189,25.1,3.1,0,22,(X),(X),2989,301,2989,(X),776,170,26.0,5.2,439,107,14.7,3.1,604,154,20.2,4.7,231,77,7.7,2.6,230,90,7.7,2.9,156,64,5.2,2.0,553,154,18.5,4.8,33,30,(X),(X),3708,315,3708,(X),117,52,3.2,1.4,1041,226,28.1,5.7,1659,281,44.7,6.5,697,187,18.8,4.7,146,71,3.9,1.9,21,25,0.6,0.7,27,30,0.7,0.8,1192,48,(X),(X),228,109,(X),(X),3689,305,3689,(X),397,154,10.8,4.1,456,165,12.4,4.4,564,185,15.3,4.9,472,159,12.8,4.2,282,136,7.6,3.6,1518,287,41.1,7.0,247,116,(X),(X)
0600000US0900914160,0900914160,"Cheshire town, New Haven County, Connecticut",10413,296,10413,(X),9937,298,95.4,1.8,476,192,4.6,1.8,0.1,0.1,(X),(X),1.8,2.9,(X),(X),10413,296,10413,(X),8157,324,78.3,2.3,583,117,5.6,1.1,94,57,0.9,0.5,423,136,4.1,1.3,467,133,4.5,1.2,238,97,2.3,0.9,386,107,3.7,1.0,65,82,0.6,0.8,0,22,0.0,0.3,10413,296,10413,(X),22,26,0.2,0.3,50,36,0.5,0.3,829,179,8.0,1.7,1110,194,10.7,1.9,1711,262,16.4,2.5,1650,216,15.8,2.0,1902,291,18.3,2.6,1721,250,16.5,2.4,631,199,6.1,1.9,787,171,7.6,1.6,10413,296,10413,(X),108,105,1.0,1.0,77,59,0.7,0.6,467,141,4.5,1.4,866,188,8.3,1.8,935,164,9.0,1.6,1909,275,18.3,2.5,2027,266,19.5,2.5,1978,243,19.0,2.4,2046,256,19.6,2.4,6.9,0.2,(X),(X),10413,296,10413,(X),119,107,1.1,1.0,679,149,6.5,1.4,1838,299,17.7,2.7,3983,292,38.3,2.7,3218,261,30.9,2.6,576,143,5.5,1.4,9937,298,9937,(X),8736,355,87.9,2.1,1201,211,12.1,2.1,2.73,0.07,(X),(X),2.41,0.32,(X),(X),9937,298,9937,(X),90,58,0.9,0.6,1512,255,15.2,2.4,3504,296,35.3,2.8,2276,286,22.9,2.9,1248,193,12.6,1.9,1307,161,13.2,1.6,9937,298,9937,(X),384,116,3.9,1.2,2340,321,23.5,2.9,4329,358,43.6,3.3,2884,257,29.0,2.9,9937,298,9937,(X),967,166,9.7,1.6,433,140,4.4,1.4,1072,170,10.8,1.7,7205,332,72.5,2.6,0,22,0.0,0.3,176,73,1.8,0.7,8,14,0.1,0.1,51,41,0.5,0.4,25,29,0.3,0.3,9937,298,9937,(X),0,22,0.0,0.3,0,22,0.0,0.3,96,65,1.0,0.7,9937,298,9937,(X),9890,306,99.5,0.5,38,46,0.4,0.5,9,15,0.1,0.2,8736,355,8736,(X),177,92,2.0,1.1,172,97,2.0,1.1,314,111,3.6,1.3,417,137,4.8,1.5,2287,249,26.2,2.8,4226,304,48.4,3.0,1029,166,11.8,1.8,114,84,1.3,1.0,337800,8472,(X),(X),8736,355,8736,(X),6127,330,70.1,2.4,2609,233,29.9,2.4,6127,330,6127,(X),33,42,0.5,0.7,126,76,2.1,1.3,872,200,14.2,2.9,1163,215,19.0,3.4,1410,243,23.0,3.7,1146,203,18.7,3.1,1377,198,22.5,3.3,2308,78,(X),(X),2609,233,2609,(X),112,73,4.3,2.7,75,51,2.9,1.9,220,100,8.4,3.8,499,123,19.1,4.6,716,148,27.4,4.8,987,164,37.8,6.0,898,39,(X),(X),6066,328,6066,(X),2611,298,43.0,4.3,988,175,16.3,2.8,779,160,12.8,2.6,312,116,5.1,1.9,1376,227,22.7,3.4,61,81,(X),(X),2594,231,2594,(X),892,167,34.4,5.6,504,129,19.4,4.6,313,103,12.1,3.9,283,94,10.9,3.5,131,68,5.1,2.6,231,93,8.9,3.5,240,91,9.3,3.5,15,24,(X),(X),965,177,965,(X),138,54,14.3,5.5,238,101,24.7,9.4,324,126,33.6,11.2,200,96,20.7,9.6,46,41,4.8,4.2,0,22,0.0,3.3,19,29,2.0,2.9,1185,165,(X),(X),236,103,(X),(X),958,177,958,(X),272,123,28.4,11.0,168,88,17.5,8.7,146,74,15.2,7.8,109,68,11.4,7.0,51,36,5.3,3.7,212,88,22.1,8.2,243,104,(X),(X)
0600000US0900919550,0900919550,"Derby town, New Haven County, Connecticut",5429,379,5429,(X),4911,319,90.5,3.7,518,217,9.5,3.7,1.7,2.5,(X),(X),12.5,6.2,(X),(X),5429,379,5429,(X),1870,223,34.4,3.6,717,159,13.2,3.0,1052,263,19.4,4.5,567,218,10.4,4.0,712,239,13.1,4.2,84,72,1.5,1.3,375,145,6.9,2.5,52,83,1.0,1.5,0,19,0.0,0.6,5429,379,5429,(X),0,19,0.0,0.6,0,19,0.0,0.6,199,110,3.7,2.0,382,154,7.0,2.9,619,173,11.4,3.1,675,213,12.4,3.7,462,172,8.5,3.1,1051,241,19.4,4.4,286,130,5.3,2.4,1755,333,32.3,5.5,5429,379,5429,(X),25,20,0.5,0.4,281,163,5.2,3.0,336,152,6.2,2.7,1493,313,27.5,5.2,1420,272,26.2,5.1,871,212,16.0,3.7,480,138,8.8,2.5,260,117,4.8,2.2,263,105,4.8,1.8,4.9,0.2,(X),(X),5429,379,5429,(X),40,37,0.7,0.7,750,212,13.8,3.6,2483,318,45.7,4.8,1648,235,30.4,4.2,427,140,7.9,2.6,81,57,1.5,1.1,4911,319,4911,(X),2780,254,56.6,4.5,2131,287,43.4,4.5,2.63,0.24,(X),(X),2.46,0.32,(X),(X),4911,319,4911,(X),85,73,1.7,1.5,1501,260,30.6,5.3,1637,302,33.3,5.4,746,184,15.2,3.6,430,122,8.8,2.4,512,104,10.4,2.0,4911,319,4911,(X),392,156,8.0,3.2,2218,357,45.2,5.3,1360,225,27.7,4.7,941,229,19.2,4.8,4911,319,4911,(X),2441,303,49.7,5.3,136,86,2.8,1.7,817,204,16.6,4.0,1429,224,29.1,4.2,35,56,0.7,1.2,23,26,0.5,0.5,14,23,0.3,0.5,0,19,0.0,0.7,16,25,0.3,0.5,4911,319,4911,(X),0,19,0.0,0.7,0,19,0.0,0.7,85,55,1.7,1.1,4911,319,4911,(X),4650,381,94.7,2.6,261,122,5.3,2.6,0,19,0.0,0.7,2780,254,2780,(X),41,33,1.5,1.1,58,64,2.1,2.3,447,128,16.1,4.4,753,176,27.1,5.4,962,179,34.6,6.1,420,105,15.1,3.8,61,62,2.2,2.2,38,38,1.4,1.3,207000,11864,(X),(X),2780,254,2780,(X),1746,252,62.8,6.5,1034,198,37.2,6.5,1746,252,1746,(X),15,24,0.9,1.4,91,55,5.2,3.0,312,89,17.9,5.8,665,182,38.1,7.8,388,127,22.2,6.7,133,64,7.6,3.6,142,104,8.1,5.5,1811,136,(X),(X),1034,198,1034,(X),0,19,0.0,3.1,14,23,1.4,2.2,74,61,7.2,5.9,402,130,38.9,9.3,379,128,36.7,10.1,165,74,16.0,6.8,813,48,(X),(X),1731,252,1731,(X),374,110,21.6,5.9,227,71,13.1,4.0,213,79,12.3,4.4,217,101,12.5,5.5,700,197,40.4,8.4,15,24,(X),(X),1021,192,1021,(X),169,75,16.6,6.7,250,120,24.5,10.0,174,74,17.0,7.2,107,70,10.5,6.7,45,41,4.4,3.8,60,53,5.9,5.0,216,88,21.2,8.2,13,21,(X),(X),2013,265,2013,(X),152,119,7.6,6.2,573,203,28.5,9.7,1003,328,49.8,13.4,216,129,10.7,6.4,69,86,3.4,4.4,0,19,0.0,1.6,0,19,0.0,1.6,1086,46,(X),(X),118,93,(X),(X),1961,262,1961,(X),46,47,2.3,2.5,257,144,13.1,7.5,215,109,11.0,5.4,241,140,12.3,7.0,194,143,9.9,7.0,1008,234,51.4,9.5,170,105,(X),(X)
0600000US0900922910,0900922910,"East Haven town, New Haven County, Connecticut",12456,360,12456,(X),11213,323,90.0,2.1,1243,284,10.0,2.1,1.6,1.1,(X),(X),5.9,3.9,(X),(X),12456,360,12456,(X),7847,380,63.0,2.7,809,203,6.5,1.6,806,217,6.5,1.7,776,220,6.2,1.8,640,175,5.1,1.4,278,125,2.2,1.0,1250,196,10.0,1.5,50,80,0.4,0.6,0,22,0.0,0.3,12456,360,12456,(X),25,29,0.2,0.2,32,26,0.3,0.2,617,186,5.0,1.5,1213,241,9.7,2.0,2607,323,20.9,2.5,1224,263,9.8,2.0,1364,212,11.0,1.7,2529,321,20.3,2.5,959,205,7.7,1.6,1886,272,15.1,2.1,12456,360,12456,(X),175,100,1.4,0.8,505,159,4.1,1.3,1502,263,12.1,2.1,1915,290,15.4,2.3,2809,331,22.6,2.6,2878,360,23.1,2.7,1367,214,11.0,1.7,702,142,5.6,1.1,603,137,4.8,1.1,5.3,0.2,(X),(X),12456,360,12456,(X),232,94,1.9,0.8,1962,279,15.8,2.2,3659,380,29.4,2.9,5217,408,41.9,2.9,1122,181,9.0,1.5,264,78,2.1,0.6,11213,323,11213,(X),7958,337,71.0,2.3,3255,282,29.0,2.3,2.76,0.10,(X),(X),2.09,0.17,(X),(X),11213,323,11213,(X),272,149,2.4,1.3,2264,321,20.2,2.8,4342,339,38.7,2.9,1709,199,15.2,1.7,1067,175,9.5,1.5,1559,181,13.9,1.7,11213,323,11213,(X),728,167,6.5,1.5,4149,394,37.0,3.0,3955,366,35.3,3.1,2381,259,21.2,2.5,11213,323,11213,(X),5104,379,45.5,3.1,132,70,1.2,0.6,1724,300,15.4,2.6,4054,310,36.2,2.6,10,15,0.1,0.1,83,45,0.7,0.4,0,22,0.0,0.3,83,59,0.7,0.5,23,24,0.2,0.2,11213,323,11213,(X),22,20,0.2,0.2,61,33,0.5,0.3,174,81,1.6,0.7,11213,323,11213,(X),10974,403,97.9,1.3,159,111,1.4,1.0,80,82,0.7,0.7,7958,337,7958,(X),249,79,3.1,1.0,236,77,3.0,0.9,979,184,12.3,2.2,2140,243,26.9,3.0,3101,326,39.0,3.5,1017,174,12.8,2.2,179,92,2.2,1.2,57,51,0.7,0.6,209400,6165,(X),(X),7958,337,7958,(X),5823,370,73.2,3.2,2135,263,26.8,3.2,5823,370,5823,(X),16,27,0.3,0.5,302,97,5.2,1.7,1449,220,24.9,3.4,1784,249,30.6,3.8,1424,245,24.5,3.5,463,143,8.0,2.5,385,135,6.6,2.3,1836,55,(X),(X),2135,263,2135,(X),10,15,0.5,0.7,125,89,5.9,4.0,362,104,17.0,4.8,622,138,29.1,5.1,553,120,25.9,5.3,463,133,21.7,5.3,781,45,(X),(X),5812,368,5812,(X),1702,225,29.3,3.9,947,222,16.3,3.7,687,156,11.8,2.5,537,133,9.2,2.1,1939,258,33.4,3.7,11,13,(X),(X),2090,263,2090,(X),653,151,31.2,6.2,438,128,21.0,5.6,296,100,14.2,4.3,200,66,9.6,3.2,100,56,4.8,2.6,60,42,2.9,1.9,343,110,16.4,4.9,45,40,(X),(X),3081,274,3081,(X),270,82,8.8,2.9,962,243,31.2,7.3,1185,268,38.5,7.2,430,167,14.0,5.3,192,105,6.2,3.5,31,34,1.0,1.1,11,18,0.4,0.6,1096,67,(X),(X),174,91,(X),(X),3039,261,3039,(X),272,146,9.0,4.7,243,117,8.0,4.0,203,79,6.7,2.6,553,175,18.2,5.7,404,160,13.3,5.1,1364,281,44.9,7.7,216,106,(X),(X)
0600000US0900934950,0900934950,"Guilford town, New Haven County, Connecticut",9578,263,9578,(X),8725,211,91.1,1.8,853,190,8.9,1.8,1.0,0.8,(X),(X),3.8,4.0,(X),(X),9578,263,9578,(X),8127,310,84.9,2.0,369,92,3.9,1.0,236,82,2.5,0.9,232,103,2.4,1.1,288,110,3.0,1.1,122,73,1.3,0.8,177,61,1.8,0.6,27,43,0.3,0.5,0,22,0.0,0.3,9578,263,9578,(X),0,22,0.0,0.3,27,24,0.3,0.3,696,168,7.3,1.8,933,159,9.7,1.6,1738,234,18.1,2.3,2296,247,24.0,2.4,1170,204,12.2,2.1,921,202,9.6,2.1,427,144,4.5,1.5,1370,187,14.3,1.9,9578,263,9578,(X),92,73,1.0,0.8,239,87,2.5,0.9,356,103,3.7,1.1,1068,198,11.2,2.0,1113,183,11.6,1.9,1364,219,14.2,2.3,1531,228,16.0,2.4,1756,204,18.3,2.0,2059,231,21.5,2.3,6.9,0.2,(X),(X),9578,263,9578,(X),121,77,1.3,0.8,809,182,8.4,1.9,2055,231,21.5,2.3,3535,294,36.9,2.8,2475,284,25.8,2.9,583,156,6.1,1.6,8725,211,8725,(X),7372,247,84.5,2.4,1353,215,15.5,2.4,2.62,0.07,(X),(X),2.05,0.19,(X),(X),8725,211,8725,(X),63,48,0.7,0.6,1681,215,19.3,2.3,2878,268,33.0,3.1,1769,221,20.3,2.5,1059,174,12.1,2.0,1275,176,14.6,2.0,8725,211,8725,(X),163,67,1.9,0.7,2338,239,26.8,2.5,3784,298,43.4,3.1,2440,257,28.0,3.1,8725,211,8725,(X),743,154,8.5,1.7,382,109,4.4,1.3,1182,192,13.5,2.1,6199,234,71.0,2.2,0,22,0.0,0.4,168,73,1.9,0.8,0,22,0.0,0.4,43,35,0.5,0.4,8,13,0.1,0.1,8725,211,8725,(X),30,36,0.3,0.4,10,15,0.1,0.2,24,24,0.3,0.3,8725,211,8725,(X),8704,216,99.8,0.3,21,26,0.2,0.3,0,22,0.0,0.4,7372,247,7372,(X),148,72,2.0,1.0,17,19,0.2,0.3,115,44,1.6,0.6,293,109,4.0,1.5,1291,212,17.5,2.7,3353,290,45.5,3.6,1831,243,24.8,3.3,324,109,4.4,1.5,382900,10126,(X),(X),7372,247,7372,(X),5401,267,73.3,2.5,1971,195,26.7,2.5,5401,267,5401,(X),60,47,1.1,0.9,110,51,2.0,0.9,567,139,10.5,2.5,1080,211,20.0,3.8,1161,203,21.5,3.5,820,194,15.2,3.5,1603,197,29.7,3.6,2380,95,(X),(X),1971,195,1971,(X),24,22,1.2,1.1,16,18,0.8,0.9,282,83,14.3,3.8,376,108,19.1,5.2,443,110,22.5,5.5,830,146,42.1,5.7,911,59,(X),(X),5322,267,5322,(X),1800,216,33.8,3.9,881,192,16.6,3.5,680,164,12.8,2.9,527,150,9.9,2.8,1434,216,26.9,3.8,79,60,(X),(X),1958,194,1958,(X),602,120,30.7,5.6,412,106,21.0,5.0,303,90,15.5,4.2,128,53,6.5,2.6,90,41,4.6,2.1,41,31,2.1,1.6,382,102,19.5,4.9,13,21,(X),(X),1240,204,1240,(X),76,49,6.1,3.8,160,64,12.9,5.3,571,145,46.0,8.1,232,103,18.7,7.6,80,76,6.5,6.0,89,53,7.2,4.3,32,25,2.6,2.0,1288,115,(X),(X),113,65,(X),(X),1240,204,1240,(X),182,74,14.7,5.7,73,42,5.9,3.4,124,68,10.0,5.3,264,139,21.3,9.9,58,38,4.7,3.0,539,135,43.5,9.4,113,65,(X),(X)
0600000US0900935650,0900935650,"Hamden town, New Haven County, Connecticut",25227,579,25227,(X),23187,478,91.9,1.5,2040,405,8.1,1.5,1.2,0.7,(X),(X),7.0,2.3,(X),(X),25227,579,25227,(X),14377,481,57.0,1.5,1132,198,4.5,0.8,1724,269,6.8,1.1,1542,288,6.1,1.1,1159,247,4.6,1.0,1255,237,5.0,0.9,3992,330,15.8,1.3,46,63,0.2,0.3,0,28,0.0,0.1,25227,579,25227,(X),0,28,0.0,0.1,121,77,0.5,0.3,1092,237,4.3,0.9,2667,363,10.6,1.4,3102,389,12.3,1.6,3092,373,12.3,1.4,3032,409,12.0,1.6,4341,409,17.2,1.6,2748,327,10.9,1.3,5032,438,19.9,1.7,25227,579,25227,(X),862,256,3.4,1.0,1157,287,4.6,1.1,2282,352,9.0,1.3,3326,426,13.2,1.6,4608,440,18.3,1.8,5324,474,21.1,1.9,3896,322,15.4,1.2,2001,335,7.9,1.3,1771,248,7.0,1.0,5.6,0.1,(X),(X),25227,579,25227,(X),901,255,3.6,1.0,3647,450,14.5,1.7,6568,518,26.0,1.9,10419,490,41.3,2.1,3081,376,12.2,1.4,611,155,2.4,0.6,23187,478,23187,(X),15336,453,66.1,1.5,7851,404,33.9,1.5,2.56,0.06,(X),(X),2.15,0.11,(X),(X),23187,478,23187,(X),302,118,1.3,0.5,6837,527,29.5,2.1,7354,447,31.7,1.8,4113,412,17.7,1.8,2042,247,8.8,1.1,2539,265,11.0,1.1,23187,478,23187,(X),1927,312,8.3,1.3,8919,518,38.5,2.0,9224,492,39.8,2.1,3117,337,13.4,1.5,23187,478,23187,(X),10078,504,43.5,1.9,435,142,1.9,0.6,3214,391,13.9,1.7,9039,491,39.0,2.0,15,27,0.1,0.1,164,90,0.7,0.4,23,36,0.1,0.2,136,96,0.6,0.4,83,49,0.4,0.2,23187,478,23187,(X),164,102,0.7,0.4,259,116,1.1,0.5,448,162,1.9,0.7,23187,478,23187,(X),22799,526,98.3,0.8,137,77,0.6,0.3,251,146,1.1,0.6,15336,453,15336,(X),433,111,2.8,0.7,350,131,2.3,0.8,1689,248,11.0,1.6,3322,314,21.7,1.9,5862,391,38.2,2.3,2942,325,19.2,2.1,669,150,4.4,0.9,69,47,0.4,0.3,230800,5153,(X),(X),15336,453,15336,(X),10846,469,70.7,2.3,4490,386,29.3,2.3,10846,469,10846,(X),68,45,0.6,0.4,464,141,4.3,1.3,1579,236,14.6,2.0,3339,344,30.8,2.8,2950,375,27.2,3.1,1183,216,10.9,2.0,1263,200,11.6,1.8,1996,49,(X),(X),4490,386,4490,(X),86,80,1.9,1.8,113,62,2.5,1.3,496,141,11.0,3.1,949,198,21.1,3.8,1130,253,25.2,4.9,1716,224,38.2,4.5,901,34,(X),(X),10822,470,10822,(X),3580,333,33.1,2.8,1744,272,16.1,2.4,1668,220,15.4,2.0,1093,173,10.1,1.5,2737,348,25.3,2.9,24,29,(X),(X),4490,386,4490,(X),1011,222,22.5,4.0,832,162,18.5,2.9,642,155,14.3,3.4,430,118,9.6,2.6,413,132,9.2,2.8,134,61,3.0,1.3,1028,170,22.9,3.8,0,28,(X),(X),7677,410,7677,(X),585,162,7.6,2.1,1176,229,15.3,3.0,3708,394,48.3,4.2,1616,273,21.0,3.4,460,204,6.0,2.6,97,69,1.3,0.9,35,37,0.5,0.5,1245,39,(X),(X),174,90,(X),(X),7434,420,7434,(X),687,171,9.2,2.3,932,234,12.5,3.2,915,224,12.3,3.0,859,261,11.6,3.5,619,183,8.3,2.4,3422,462,46.0,4.8,417,136,(X),(X)
0600000US0900944560,0900944560,"Madison town, New Haven County, Connecticut",7968,295,7968,(X),6779,222,85.1,2.3,1189,212,14.9,2.3,0.7,1.1,(X),(X),3.0,4.8,(X),(X),7968,295,7968,(X),7201,297,90.4,1.7,279,72,3.5,0.9,124,99,1.6,1.2,146,87,1.8,1.1,142,79,1.8,1.0,0,19,0.0,0.4,76,37,1.0,0.5,0,19,0.0,0.4,0,19,0.0,0.4,7968,295,7968,(X),0,19,0.0,0.4,29,32,0.4,0.4,577,156,7.2,1.9,1118,184,14.0,2.2,1148,192,14.4,2.3,1685,258,21.1,3.3,1546,223,19.4,2.7,617,173,7.7,2.2,342,168,4.3,2.1,906,221,11.4,2.7,7968,295,7968,(X),21,28,0.3,0.4,284,135,3.6,1.7,290,115,3.6,1.4,396,154,5.0,1.9,640,144,8.0,1.8,965,178,12.1,2.2,1455,238,18.3,3.0,1723,256,21.6,3.0,2194,267,27.5,3.2,7.5,0.2,(X),(X),7968,295,7968,(X),21,28,0.3,0.4,662,197,8.3,2.4,882,212,11.1,2.5,2542,314,31.9,4.0,3198,296,40.1,3.3,663,167,8.3,2.1,6779,222,6779,(X),5943,241,87.7,2.7,836,190,12.3,2.7,2.75,0.10,(X),(X),1.95,0.46,(X),(X),6779,222,6779,(X),128,85,1.9,1.3,1233,197,18.2,2.8,2421,210,35.7,3.2,1538,244,22.7,3.3,670,161,9.9,2.3,789,133,11.6,1.9,6779,222,6779,(X),240,98,3.5,1.4,1520,250,22.4,3.3,3253,254,48.0,3.8,1766,196,26.1,2.9,6779,222,6779,(X),967,191,14.3,2.7,445,132,6.6,1.9,1079,178,15.9,2.6,4163,274,61.4,3.7,0,19,0.0,0.5,96,58,1.4,0.9,0,19,0.0,0.5,12,18,0.2,0.3,17,26,0.3,0.4,6779,222,6779,(X),0,19,0.0,0.5,61,33,0.9,0.5,51,42,0.8,0.6,6779,222,6779,(X),6743,227,99.5,0.4,27,29,0.4,0.4,9,16,0.1,0.2,5943,241,5943,(X),129,66,2.2,1.1,53,44,0.9,0.7,0,19,0.0,0.5,49,33,0.8,0.5,606,154,10.2,2.5,2682,284,45.1,4.4,2124,247,35.7,3.9,300,125,5.0,2.1,455700,17751,(X),(X),5943,241,5943,(X),4037,242,67.9,3.4,1906,224,32.1,3.4,4037,242,4037,(X),0,19,0.0,0.8,138,70,3.4,1.7,292,90,7.2,2.1,534,149,13.2,3.6,757,166,18.8,4.0,764,161,18.9,3.7,1552,197,38.4,4.6,2695,115,(X),(X),1906,224,1906,(X),8,13,0.4,0.7,57,42,3.0,2.2,82,46,4.3,2.4,259,98,13.6,4.7,439,136,23.0,6.6,1061,183,55.7,6.8,1057,64,(X),(X),4012,240,4012,(X),1622,190,40.4,4.1,538,122,13.4,3.0,463,130,11.5,3.3,184,83,4.6,2.0,1205,193,30.0,4.1,25,36,(X),(X),1879,226,1879,(X),570,134,30.3,6.3,309,94,16.4,4.4,239,82,12.7,4.2,127,67,6.8,3.7,133,74,7.1,3.8,94,79,5.0,4.0,407,119,21.7,5.7,27,31,(X),(X),730,186,730,(X),71,57,9.7,7.8,189,101,25.9,11.9,242,126,33.2,13.6,63,53,8.6,7.7,117,76,16.0,10.2,48,46,6.6,6.2,0,19,0.0,4.4,1217,217,(X),(X),106,71,(X),(X),663,182,663,(X),39,42,5.9,6.7,72,52,10.9,6.6,60,56,9.0,8.4,105,71,15.8,10.7,44,52,6.6,7.8,343,149,51.7,14.6,173,98,(X),(X)
0600000US0900946520,0900946520,"Meriden town, New Haven County, Connecticut",28704,777,28704,(X),24663,694,85.9,1.4,4041,432,14.1,1.4,1.6,0.9,(X),(X),9.9,1.8,(X),(X),28704,777,28704,(X),13988,545,48.7,1.5,1232,208,4.3,0.7,3607,336,12.6,1.2,3806,360,13.3,1.2,1891,345,6.6,1.2,1199,259,4.2,0.9,2908,301,10.1,1.0,70,40,0.2,0.1,3,6,0.0,0.1,28704,777,28704,(X),0,28,0.0,0.1,98,54,0.3,0.2,1184,204,4.1,0.7,806,186,2.8,0.6,3183,365,11.1,1.2,3617,400,12.6,1.4,4114,377,14.3,1.3,4152,453,14.5,1.5,2045,317,7.1,1.1,9505,532,33.1,1.7,28704,777,28704,(X),600,170,2.1,0.6,591,158,2.1,0.5,3348,426,11.7,1.4,6100,447,21.3,1.4,6389,461,22.3,1.6,4978,495,17.3,1.7,3066,321,10.7,1.1,2294,333,8.0,1.1,1338,236,4.7,0.8,5.1,0.1,(X),(X),28704,777,28704,(X),616,173,2.1,0.6,4741,492,16.5,1.5,9907,655,34.5,2.0,10021,576,34.9,1.9,2761,275,9.6,1.0,658,204,2.3,0.7,24663,694,24663,(X),14777,656,59.9,2.1,9886,606,40.1,2.1,2.55,0.07,(X),(X),2.20,0.12,(X),(X),24663,694,24663,(X),211,126,0.9,0.5,6415,557,26.0,2.1,9244,584,37.5,2.1,3821,397,15.5,1.6,2184,257,8.9,1.0,2788,310,11.3,1.2,24663,694,24663,(X),2706,333,11.0,1.3,9523,608,38.6,1.9,8592,492,34.8,2.0,3842,328,15.6,1.3,24663,694,24663,(X),10074,590,40.8,2.2,385,155,1.6,0.6,3342,406,13.6,1.6,10473,599,42.5,2.1,26,39,0.1,0.2,220,112,0.9,0.5,0,28,0.0,0.1,97,59,0.4,0.2,46,34,0.2,0.1,24663,694,24663,(X),52,44,0.2,0.2,153,67,0.6,0.3,577,150,2.3,0.6,24663,694,24663,(X),24119,743,97.8,0.5,349,106,1.4,0.4,195,92,0.8,0.4,14777,656,14777,(X),392,131,2.7,0.9,650,172,4.4,1.1,2958,391,20.0,2.3,5127,369,34.7,2.5,4346,406,29.4,2.4,1158,218,7.8,1.5,88,52,0.6,0.3,58,53,0.4,0.4,179000,4638,(X),(X),14777,656,14777,(X),10363,545,70.1,2.0,4414,361,29.9,2.0,10363,545,10363,(X),10,15,0.1,0.1,1160,279,11.2,2.6,3298,458,31.8,3.7,3442,342,33.2,3.0,1739,247,16.8,2.3,392,128,3.8,1.2,322,131,3.1,1.3,1593,43,(X),(X),4414,361,4414,(X),73,47,1.7,1.1,267,109,6.0,2.4,943,164,21.4,3.4,1597,251,36.2,4.5,1123,238,25.4,5.1,411,118,9.3,2.5,712,24,(X),(X),10304,558,10304,(X),3639,466,35.3,4.1,1768,282,17.2,2.7,1360,264,13.2,2.4,835,177,8.1,1.7,2702,321,26.2,2.9,59,68,(X),(X),4414,361,4414,(X),1232,182,27.9,3.4,950,182,21.5,3.8,611,158,13.8,3.4,427,118,9.7,2.7,193,79,4.4,1.8,264,122,6.0,2.6,737,160,16.7,3.3,0,28,(X),(X),9345,594,9345,(X),1017,145,10.9,1.7,4525,552,48.4,4.1,3023,363,32.3,4.0,635,228,6.8,2.3,74,79,0.8,0.8,10,16,0.1,0.2,61,58,0.7,0.6,955,15,(X),(X),541,209,(X),(X),9176,587,9176,(X),678,145,7.4,1.7,1143,223,12.5,2.2,1334,301,14.5,3.0,1214,252,13.2,2.6,1038,230,11.3,2.3,3769,336,41.1,3.5,710,236,(X),(X)
0600000US0900946940,0900946940,"Middlebury town, New Haven County, Connecticut",2870,103,2870,(X),2722,95,94.8,2.1,148,61,5.2,2.1,0.2,0.3,(X),(X),0.0,11.1,(X),(X),2870,103,2870,(X),2595,110,90.4,2.4,104,56,3.6,1.9,0,17,0.0,1.1,63,51,2.2,1.8,36,22,1.3,0.8,0,17,0.0,1.1,62,22,2.2,0.8,10,17,0.3,0.6,0,17,0.0,1.1,2870,103,2870,(X),0,17,0.0,1.1,10,12,0.3,0.4,467,90,16.3,3.1,267,55,9.3,2.0,245,59,8.5,2.1,325,80,11.3,2.8,339,97,11.8,3.3,389,87,13.6,3.0,411,99,14.3,3.4,417,93,14.5,3.1,2870,103,2870,(X),22,26,0.8,0.9,8,12,0.3,0.4,100,52,3.5,1.8,125,52,4.4,1.8,375,110,13.1,3.8,605,117,21.1,4.2,452,93,15.7,3.2,477,115,16.6,3.9,706,110,24.6,3.9,6.9,0.4,(X),(X),2870,103,2870,(X),22,26,0.8,0.9,133,58,4.6,2.0,375,94,13.1,3.2,1249,121,43.5,4.2,921,135,32.1,4.6,170,69,5.9,2.4,2722,95,2722,(X),2445,102,89.8,3.0,277,85,10.2,3.0,2.85,0.10,(X),(X),1.75,0.24,(X),(X),2722,95,2722,(X),6,9,0.2,0.3,339,80,12.5,3.0,1163,124,42.7,4.0,458,88,16.8,3.3,341,82,12.5,3.0,415,87,15.2,3.1,2722,95,2722,(X),36,22,1.3,0.8,594,100,21.8,3.4,1233,140,45.3,4.7,859,108,31.6,4.2,2722,95,2722,(X),406,71,14.9,2.4,145,65,5.3,2.4,211,68,7.8,2.5,1831,120,67.3,3.7,0,17,0.0,1.2,85,42,3.1,1.6,0,17,0.0,1.2,44,31,1.6,1.2,0,17,0.0,1.2,2722,95,2722,(X),8,12,0.3,0.5,0,17,0.0,1.2,9,10,0.3,0.4,2722,95,2722,(X),2717,93,99.8,0.3,5,7,0.2,0.3,0,17,0.0,1.2,2445,102,2445,(X),52,40,2.1,1.7,10,17,0.4,0.7,18,17,0.7,0.7,103,47,4.2,1.9,709,130,29.0,5.1,1150,137,47.0,5.4,346,72,14.2,2.9,57,35,2.3,1.4,343900,12898,(X),(X),2445,102,2445,(X),1716,91,70.2,3.2,729,91,29.8,3.2,1716,91,1716,(X),4,7,0.2,0.4,65,40,3.8,2.3,127,50,7.4,2.9,368,91,21.4,4.9,369,100,21.5,5.6,384,99,22.4,5.7,399,97,23.3,5.6,2398,146,(X),(X),729,91,729,(X),4,7,0.5,0.9,11,12,1.5,1.7,72,37,9.9,4.9,142,60,19.5,7.4,159,58,21.8,7.8,341,69,46.8,8.2,975,59,(X),(X),1711,93,1711,(X),563,107,32.9,6.3,350,106,20.5,5.9,206,54,12.0,3.2,121,54,7.1,3.1,471,118,27.5,6.6,5,9,(X),(X),729,91,729,(X),220,61,30.2,7.9,125,45,17.1,6.1,113,51,15.5,6.6,55,45,7.5,6.1,8,8,1.1,1.2,43,30,5.9,4.2,165,68,22.6,8.7,0,17,(X),(X),213,77,213,(X),62,22,29.1,13.8,28,27,13.1,12.4,58,61,27.2,22.8,19,22,8.9,10.3,6,10,2.8,5.1,5,7,2.3,3.5,35,30,16.4,13.2,1288,622,(X),(X),64,34,(X),(X),201,74,201,(X),0,17,0.0,14.9,11,9,5.5,5.0,42,32,20.9,14.9,48,30,23.9,16.0,11,15,5.5,7.8,89,65,44.3,21.9,76,41,(X),(X)
0600000US0900947535,0900947535,"Milford town, New Haven County, Connecticut",23092,434,23092,(X),21255,367,92.0,1.3,1837,310,8.0,1.3,2.8,1.1,(X),(X),9.0,3.5,(X),(X),23092,434,23092,(X),16030,454,69.4,1.6,1296,208,5.6,0.9,998,224,4.3,1.0,1143,209,4.9,0.9,672,145,2.9,0.6,920,194,4.0,0.8,1795,238,7.8,1.0,238,58,1.0,0.3,0,28,0.0,0.1,23092,434,23092,(X),0,28,0.0,0.1,228,108,1.0,0.5,1902,266,8.2,1.1,2039,280,8.8,1.2,2225,314,9.6,1.3,2767,250,12.0,1.1,3065,344,13.3,1.5,4071,337,17.6,1.4,2069,246,9.0,1.0,4726,344,20.5,1.5,23092,434,23092,(X),411,156,1.8,0.7,563,180,2.4,0.8,1874,325,8.1,1.4,3025,300,13.1,1.3,4044,448,17.5,1.9,5108,400,22.1,1.7,3587,348,15.5,1.5,2028,271,8.8,1.2,2452,292,10.6,1.2,5.8,0.1,(X),(X),23092,434,23092,(X),451,154,2.0,0.7,2922,322,12.7,1.3,6151,458,26.6,2.0,8578,433,37.1,1.7,3915,342,17.0,1.5,1075,217,4.7,0.9,21255,367,21255,(X),16412,391,77.2,1.5,4843,334,22.8,1.5,2.62,0.05,(X),(X),2.02,0.11,(X),(X),21255,367,21255,(X),330,140,1.6,0.7,4622,318,21.7,1.5,7201,398,33.9,1.8,4398,358,20.7,1.6,1799,220,8.5,1.1,2905,263,13.7,1.2,21255,367,21255,(X),1234,211,5.8,1.0,6853,411,32.2,1.8,8792,468,41.4,2.1,4376,297,20.6,1.4,21255,367,21255,(X),11982,432,56.4,1.8,280,93,1.3,0.4,2072,266,9.7,1.2,6671,333,31.4,1.4,42,48,0.2,0.2,157,73,0.7,0.3,0,28,0.0,0.2,51,45,0.2,0.2,0,28,0.0,0.2,21255,367,21255,(X),53,56,0.2,0.3,112,92,0.5,0.4,254,106,1.2,0.5,21255,367,21255,(X),21190,377,99.7,0.3,22,27,0.1,0.1,43,46,0.2,0.2,16412,391,16412,(X),374,98,2.3,0.6,216,67,1.3,0.4,418,104,2.5,0.6,1233,195,7.5,1.2,5949,377,36.2,2.1,6109,322,37.2,1.9,1725,228,10.5,1.3,388,121,2.4,0.7,300400,6080,(X),(X),16412,391,16412,(X),11806,459,71.9,2.1,4606,357,28.1,2.1,11806,459,11806,(X),63,43,0.5,0.4,550,130,4.7,1.1,1617,256,13.7,2.1,2684,286,22.7,2.2,2871,299,24.3,2.5,2003,281,17.0,2.2,2018,219,17.1,1.8,2172,46,(X),(X),4606,357,4606,(X),35,29,0.8,0.6,66,36,1.4,0.8,493,125,10.7,2.4,1174,157,25.5,3.3,1255,214,27.2,3.9,1583,232,34.4,4.1,875,27,(X),(X),11774,465,11774,(X),3781,336,32.1,2.4,2254,258,19.1,2.1,1340,215,11.4,1.8,1184,212,10.1,1.8,3215,323,27.3,2.4,32,43,(X),(X),4554,350,4554,(X),964,149,21.2,3.0,779,164,17.1,3.6,643,174,14.1,3.4,467,106,10.3,2.2,282,93,6.2,1.9,247,83,5.4,1.7,1172,201,25.7,4.1,52,35,(X),(X),4610,338,4610,(X),505,153,11.0,3.2,568,145,12.3,3.0,1529,254,33.2,5.0,1459,231,31.6,4.7,343,116,7.4,2.4,112,67,2.4,1.4,94,81,2.0,1.8,1414,63,(X),(X),233,111,(X),(X),4483,350,4483,(X),425,132,9.5,3.0,555,154,12.4,3.3,654,157,14.6,3.4,319,114,7.1,2.5,441,147,9.8,3.2,2089,285,46.6,4.8,360,129,(X),(X)
0600000US0900949950,0900949950,"Naugatuck town, New Haven County, Connecticut",12930,454,12930,(X),12095,451,93.5,2.0,835,266,6.5,2.0,3.3,1.8,(X),(X),0.0,0.8,(X),(X),12930,454,12930,(X),7479,457,57.8,2.5,663,169,5.1,1.3,1702,322,13.2,2.5,1037,302,8.0,2.4,979,247,7.6,1.9,600,157,4.6,1.2,180,100,1.4,0.8,290,103,2.2,0.8,0,25,0.0,0.3,12930,454,12930,(X),0,25,0.0,0.3,0,25,0.0,0.3,874,217,6.8,1.6,744,235,5.8,1.8,1907,260,14.7,1.9,2169,333,16.8,2.4,1640,311,12.7,2.3,1982,342,15.3,2.8,816,186,6.3,1.4,2798,323,21.6,2.4,12930,454,12930,(X),385,159,3.0,1.3,192,123,1.5,0.9,989,246,7.6,1.8,2057,346,15.9,2.6,3110,389,24.1,3.1,2335,312,18.1,2.3,1943,336,15.0,2.5,889,213,6.9,1.6,1030,223,8.0,1.7,5.4,0.2,(X),(X),12930,454,12930,(X),385,159,3.0,1.3,1423,284,11.0,2.1,3647,352,28.2,2.6,5412,421,41.9,2.9,1732,323,13.4,2.4,331,145,2.6,1.1,12095,451,12095,(X),7958,492,65.8,3.1,4137,392,34.2,3.1,2.77,0.11,(X),(X),2.26,0.18,(X),(X),12095,451,12095,(X),115,138,1.0,1.2,2923,397,24.2,3.2,4343,462,35.9,3.5,1726,284,14.3,2.2,1430,215,11.8,1.7,1558,217,12.9,1.7,12095,451,12095,(X),774,210,6.4,1.7,4203,518,34.7,4.0,4949,526,40.9,4.1,2169,273,17.9,2.4,12095,451,12095,(X),3197,327,26.4,2.8,352,128,2.9,1.0,2368,328,19.6,2.6,5706,430,47.2,2.9,0,25,0.0,0.3,333,146,2.8,1.2,17,27,0.1,0.2,122,83,1.0,0.7,0,25,0.0,0.3,12095,451,12095,(X),67,106,0.6,0.9,67,106,0.6,0.9,160,71,1.3,0.6,12095,451,12095,(X),11892,497,98.3,1.0,69,53,0.6,0.4,134,102,1.1,0.9,7958,492,7958,(X),392,181,4.9,2.2,509,131,6.4,1.7,1158,266,14.6,3.1,2705,366,34.0,4.2,2265,344,28.5,4.0,777,163,9.8,2.0,103,77,1.3,1.0,49,70,0.6,0.9,183700,6705,(X),(X),7958,492,7958,(X),5461,394,68.6,3.3,2497,329,31.4,3.3,5461,394,5461,(X),0,25,0.0,0.6,313,132,5.7,2.4,1358,248,24.9,3.9,1778,265,32.6,4.5,1101,205,20.2,3.7,459,155,8.4,2.7,452,165,8.3,2.9,1785,73,(X),(X),2497,329,2497,(X),107,90,4.3,3.4,117,57,4.7,2.2,316,146,12.7,5.3,804,165,32.2,6.1,764,204,30.6,7.1,389,144,15.6,5.6,780,37,(X),(X),5452,394,5452,(X),2094,286,38.4,4.7,717,192,13.2,3.7,666,189,12.2,3.2,381,145,7.0,2.5,1594,281,29.2,4.7,9,14,(X),(X),2458,330,2458,(X),512,178,20.8,6.3,396,104,16.1,4.1,429,133,17.5,4.9,260,96,10.6,3.9,280,107,11.4,4.1,126,70,5.1,3.0,455,167,18.5,5.7,39,44,(X),(X),3874,367,3874,(X),379,163,9.8,4.2,1641,314,42.4,7.4,1627,303,42.0,6.4,150,116,3.9,3.0,63,52,1.6,1.3,14,22,0.4,0.6,0,25,0.0,0.8,980,56,(X),(X),263,128,(X),(X),3829,369,3829,(X),442,186,11.5,4.9,664,192,17.3,4.9,487,191,12.7,4.9,388,172,10.1,4.4,238,122,6.2,3.1,1610,304,42.0,6.1,308,129,(X),(X)
0600000US0900952070,0900952070,"New Haven town, New Haven County, Connecticut",56673,1004,56673,(X),49771,926,87.8,1.0,6902,582,12.2,1.0,1.8,0.9,(X),(X),8.2,1.0,(X),(X),56673,1004,56673,(X),11141,518,19.7,0.9,2725,287,4.8,0.5,9860,600,17.4,1.0,13829,752,24.4,1.2,4964,392,8.8,0.7,3486,429,6.2,0.7,10608,486,18.7,0.8,60,55,0.1,0.1,0,28,0.0,0.1,56673,1004,56673,(X),0,28,0.0,0.1,878,145,1.5,0.3,2617,299,4.6,0.5,1971,326,3.5,0.6,4059,380,7.2,0.7,4774,463,8.4,0.8,4769,404,8.4,0.7,5462,463,9.6,0.8,3226,324,5.7,0.6,28917,921,51.0,1.3,56673,1004,56673,(X),3015,377,5.3,0.6,3305,381,5.8,0.7,9162,655,16.2,1.0,13446,631,23.7,1.1,13680,736,24.1,1.3,6321,437,11.2,0.7,3323,381,5.9,0.7,1952,262,3.4,0.5,2469,258,4.4,0.5,4.5,0.2,(X),(X),56673,1004,56673,(X),3193,383,5.6,0.6,12887,671,22.7,1.0,21573,821,38.1,1.3,13518,739,23.9,1.3,3906,399,6.9,0.7,1596,252,2.8,0.5,49771,926,49771,(X),14374,663,28.9,1.3,35397,941,71.1,1.3,2.71,0.08,(X),(X),2.31,0.05,(X),(X),49771,926,49771,(X),1044,226,2.1,0.5,21197,878,42.6,1.5,16826,732,33.8,1.4,5431,490,10.9,0.9,2286,310,4.6,0.6,2987,296,6.0,0.6,49771,926,49771,(X),14518,673,29.2,1.2,21837,852,43.9,1.5,10403,701,20.9,1.4,3013,338,6.1,0.7,49771,926,49771,(X),29393,828,59.1,1.5,733,155,1.5,0.3,10123,711,20.3,1.3,8951,564,18.0,1.0,0,28,0.0,0.1,77,58,0.2,0.1,59,43,0.1,0.1,145,54,0.3,0.1,290,105,0.6,0.2,49771,926,49771,(X),129,93,0.3,0.2,293,125,0.6,0.3,1672,241,3.4,0.5,49771,926,49771,(X),48381,977,97.2,0.5,1034,207,2.1,0.4,356,105,0.7,0.2,14374,663,14374,(X),559,170,3.9,1.2,1215,243,8.5,1.7,2656,323,18.5,2.0,3206,342,22.3,2.0,4098,371,28.5,2.5,1765,211,12.3,1.3,726,165,5.1,1.1,149,67,1.0,0.5,191800,6149,(X),(X),14374,663,14374,(X),10044,580,69.9,2.3,4330,384,30.1,2.3,10044,580,10044,(X),29,26,0.3,0.3,550,156,5.5,1.5,2088,274,20.8,2.5,2864,353,28.5,2.9,2214,343,22.0,3.2,1135,205,11.3,1.9,1164,183,11.6,1.8,1892,64,(X),(X),4330,384,4330,(X),96,47,2.2,1.1,176,71,4.1,1.6,619,168,14.3,3.8,1188,258,27.4,4.8,838,147,19.4,3.1,1413,210,32.6,4.2,818,37,(X),(X),9988,576,9988,(X),2915,340,29.2,3.2,1390,234,13.9,2.1,1086,217,10.9,2.0,803,168,8.0,1.7,3794,424,38.0,3.5,56,44,(X),(X),4295,387,4295,(X),1013,176,23.6,4.0,975,202,22.7,3.9,395,102,9.2,2.5,504,148,11.7,3.2,248,111,5.8,2.5,234,90,5.4,2.0,926,184,21.6,3.9,35,31,(X),(X),34576,908,34576,(X),5010,401,14.5,1.1,8954,599,25.9,1.5,14124,647,40.8,1.6,4741,425,13.7,1.1,1327,216,3.8,0.6,288,114,0.8,0.3,132,60,0.4,0.2,1100,16,(X),(X),821,215,(X),(X),33283,905,33283,(X),3013,386,9.1,1.1,2985,344,9.0,1.0,3087,452,9.3,1.3,3901,435,11.7,1.3,3015,394,9.1,1.2,17282,770,51.9,2.0,2114,323,(X),(X)
0600000US0900953890,0900953890,"North Branford town, New Haven County, Connecticut",5629,177,5629,(X),5371,184,95.4,2.6,258,148,4.6,2.6,0.3,0.4,(X),(X),13.1,13.2,(X),(X),5629,177,5629,(X),4571,244,81.2,3.2,125,67,2.2,1.2,178,123,3.2,2.2,105,68,1.9,1.2,334,118,5.9,2.1,13,21,0.2,0.4,257,71,4.6,1.3,46,26,0.8,0.5,0,19,0.0,0.6,5629,177,5629,(X),0,19,0.0,0.6,17,28,0.3,0.5,355,112,6.3,2.0,889,198,15.8,3.5,927,187,16.5,3.5,657,153,11.7,2.7,1107,198,19.7,3.4,1203,270,21.4,4.6,212,97,3.8,1.7,262,125,4.7,2.2,5629,177,5629,(X),14,21,0.2,0.4,69,45,1.2,0.8,225,101,4.0,1.8,502,155,8.9,2.8,764,162,13.6,2.7,1174,210,20.9,3.7,1198,188,21.3,3.3,956,247,17.0,4.3,727,163,12.9,2.9,6.6,0.3,(X),(X),5629,177,5629,(X),14,21,0.2,0.4,294,111,5.2,2.0,1199,213,21.3,3.7,2904,266,51.6,4.5,859,182,15.3,3.3,359,146,6.4,2.5,5371,184,5371,(X),4788,211,89.1,3.0,583,163,10.9,3.0,2.75,0.10,(X),(X),1.95,0.29,(X),(X),5371,184,5371,(X),44,40,0.8,0.7,542,168,10.1,3.1,1825,223,34.0,4.0,1187,188,22.1,3.4,712,156,13.3,2.9,1061,162,19.8,2.9,5371,184,5371,(X),238,95,4.4,1.7,1090,198,20.3,3.4,2201,242,41.0,4.4,1842,210,34.3,4.1,5371,184,5371,(X),717,175,13.3,3.2,230,90,4.3,1.7,554,151,10.3,2.7,3701,262,68.9,4.3,0,19,0.0,0.6,135,85,2.5,1.6,17,29,0.3,0.5,17,28,0.3,0.5,0,19,0.0,0.6,5371,184,5371,(X),0,19,0.0,0.6,0,19,0.0,0.6,49,45,0.9,0.8,5371,184,5371,(X),5339,189,99.4,0.7,18,29,0.3,0.5,14,21,0.3,0.4,4788,211,4788,(X),187,83,3.9,1.8,43,42,0.9,0.9,111,55,2.3,1.1,502,162,10.5,3.4,1907,309,39.8,5.6,1628,221,34.0,4.6,322,140,6.7,3.0,88,59,1.8,1.2,284300,9291,(X),(X),4788,211,4788,(X),3071,261,64.1,4.5,1717,224,35.9,4.5,3071,261,3071,(X),11,18,0.4,0.6,120,68,3.9,2.2,473,144,15.4,4.4,728,183,23.7,5.2,834,176,27.2,5.5,447,107,14.6,3.2,458,130,14.9,4.2,2122,100,(X),(X),1717,224,1717,(X),43,42,2.5,2.4,79,58,4.6,3.3,76,57,4.4,3.3,565,145,32.9,7.9,511,163,29.8,7.8,443,138,25.8,7.5,828,39,(X),(X),3071,261,3071,(X),970,209,31.6,6.4,497,137,16.2,4.5,504,141,16.4,4.1,239,97,7.8,3.0,861,187,28.0,5.6,0,19,(X),(X),1682,221,1682,(X),458,133,27.2,7.0,409,121,24.3,6.7,260,136,15.5,7.7,55,47,3.3,2.9,87,57,5.2,3.3,120,74,7.1,4.3,293,137,17.4,7.6,35,40,(X),(X),539,159,539,(X),16,25,3.0,4.5,159,97,29.5,14.5,216,91,40.1,12.6,71,52,13.2,9.3,49,46,9.1,7.9,0,19,0.0,5.8,28,33,5.2,6.5,1159,125,(X),(X),44,40,(X),(X),539,159,539,(X),81,53,15.0,9.2,61,50,11.3,9.2,99,77,18.4,12.6,93,87,17.3,14.8,31,35,5.8,6.6,174,70,32.3,10.2,44,40,(X),(X)
0600000US0900954870,0900954870,"North Haven town, New Haven County, Connecticut",9015,332,9015,(X),8513,327,94.4,2.1,502,190,5.6,2.1,1.7,1.5,(X),(X),7.5,5.9,(X),(X),9015,332,9015,(X),7439,373,82.5,2.3,391,129,4.3,1.4,169,101,1.9,1.1,125,85,1.4,0.9,213,120,2.4,1.3,101,62,1.1,0.7,577,127,6.4,1.4,0,22,0.0,0.4,0,22,0.0,0.4,9015,332,9015,(X),0,22,0.0,0.4,21,25,0.2,0.3,732,143,8.1,1.6,740,155,8.2,1.7,923,193,10.2,2.2,1063,199,11.8,2.1,1620,227,18.0,2.3,1873,255,20.8,2.7,1239,222,13.7,2.5,804,171,8.9,1.9,9015,332,9015,(X),98,95,1.1,1.1,79,53,0.9,0.6,424,132,4.7,1.5,508,137,5.6,1.5,1372,222,15.2,2.4,1923,275,21.3,2.7,2017,238,22.4,2.6,1191,224,13.2,2.4,1403,182,15.6,2.0,6.6,0.3,(X),(X),9015,332,9015,(X),115,88,1.3,1.0,616,140,6.8,1.5,1492,240,16.6,2.7,4426,332,49.1,3.0,1965,248,21.8,2.6,401,119,4.4,1.3,8513,327,8513,(X),7181,366,84.4,2.6,1332,221,15.6,2.6,2.87,0.12,(X),(X),2.28,0.24,(X),(X),8513,327,8513,(X),31,37,0.4,0.4,1494,224,17.5,2.6,2444,275,28.7,3.0,1663,225,19.5,2.6,851,178,10.0,2.0,2030,231,23.8,2.5,8513,327,8513,(X),418,120,4.9,1.4,2168,258,25.5,2.7,3450,341,40.5,3.6,2477,253,29.1,3.1,8513,327,8513,(X),2740,278,32.2,3.3,112,75,1.3,0.9,798,192,9.4,2.2,4685,407,55.0,3.7,0,22,0.0,0.4,109,78,1.3,0.9,0,22,0.0,0.4,63,49,0.7,0.6,6,11,0.1,0.1,8513,327,8513,(X),0,22,0.0,0.4,0,22,0.0,0.4,27,25,0.3,0.3,8513,327,8513,(X),8412,338,98.8,0.7,49,44,0.6,0.5,52,47,0.6,0.6,7181,366,7181,(X),126,65,1.8,0.9,25,21,0.3,0.3,137,96,1.9,1.3,387,104,5.4,1.4,3085,311,43.0,3.4,2779,296,38.7,3.9,599,143,8.3,1.9,43,36,0.6,0.5,295700,6310,(X),(X),7181,366,7181,(X),4597,304,64.0,2.9,2584,250,36.0,2.9,4597,304,4597,(X),0,22,0.0,0.7,197,90,4.3,1.9,423,137,9.2,2.8,1039,196,22.6,4.0,1194,213,26.0,4.4,838,189,18.2,4.2,906,187,19.7,3.7,2268,71,(X),(X),2584,250,2584,(X),43,31,1.7,1.2,19,22,0.7,0.9,178,73,6.9,2.8,714,145,27.6,5.0,754,144,29.2,4.6,876,167,33.9,5.4,877,30,(X),(X),4586,301,4586,(X),1270,203,27.7,4.1,1008,193,22.0,4.1,562,161,12.3,3.5,403,119,8.8,2.6,1343,258,29.3,4.9,11,18,(X),(X),2571,247,2571,(X),641,143,24.9,5.3,455,114,17.7,4.1,383,99,14.9,3.7,297,83,11.6,3.2,115,61,4.5,2.4,134,59,5.2,2.2,546,167,21.2,5.5,13,22,(X),(X),1254,220,1254,(X),106,51,8.5,4.3,279,101,22.2,8.4,425,187,33.9,12.6,257,117,20.5,8.3,153,92,12.2,7.0,21,23,1.7,1.8,13,22,1.0,1.7,1212,100,(X),(X),78,44,(X),(X),1240,220,1240,(X),90,72,7.3,6.0,121,84,9.8,6.5,261,116,21.0,7.8,179,123,14.4,8.9,93,52,7.5,4.0,496,129,40.0,10.4,92,50,(X),(X)
0600000US0900957600,0900957600,"Orange town, New Haven County, Connecticut",5031,165,5031,(X),4875,163,96.9,1.8,156,91,3.1,1.8,0.9,1.0,(X),(X),0.0,5.0,(X),(X),5031,165,5031,(X),4500,174,89.4,1.7,87,50,1.7,1.0,79,47,1.6,0.9,25,30,0.5,0.6,48,26,1.0,0.5,71,44,1.4,0.9,205,61,4.1,1.2,16,18,0.3,0.4,0,19,0.0,0.6,5031,165,5031,(X),0,19,0.0,0.6,49,38,1.0,0.7,327,86,6.5,1.7,407,77,8.1,1.5,319,78,6.3,1.6,395,83,7.9,1.7,1202,163,23.9,3.1,1623,175,32.3,3.3,283,79,5.6,1.5,426,99,8.5,2.0,5031,165,5031,(X),32,35,0.6,0.7,31,26,0.6,0.5,172,69,3.4,1.4,203,60,4.0,1.2,486,124,9.7,2.5,909,172,18.1,3.2,1242,159,24.7,3.2,816,141,16.2,2.8,1140,149,22.7,3.0,7.0,0.2,(X),(X),5031,165,5031,(X),32,35,0.6,0.7,276,77,5.5,1.5,421,90,8.4,1.7,2548,211,50.6,3.6,1473,157,29.3,3.1,281,63,5.6,1.3,4875,163,4875,(X),4243,190,87.0,2.4,632,119,13.0,2.4,2.92,0.10,(X),(X),2.37,0.41,(X),(X),4875,163,4875,(X),37,37,0.8,0.8,775,129,15.9,2.6,1476,172,30.3,3.4,1067,117,21.9,2.2,550,114,11.3,2.3,970,139,19.9,2.8,4875,163,4875,(X),229,70,4.7,1.4,1033,123,21.2,2.5,2092,205,42.9,3.7,1521,163,31.2,3.4,4875,163,4875,(X),619,83,12.7,1.7,138,60,2.8,1.2,249,85,5.1,1.7,3752,181,77.0,2.9,27,30,0.6,0.6,83,51,1.7,1.0,0,19,0.0,0.7,7,11,0.1,0.2,0,19,0.0,0.7,4875,163,4875,(X),6,9,0.1,0.2,47,38,1.0,0.8,34,24,0.7,0.5,4875,163,4875,(X),4867,165,99.8,0.2,2,7,0.0,0.1,6,9,0.1,0.2,4243,190,4243,(X),71,38,1.7,0.9,26,25,0.6,0.6,24,22,0.6,0.5,22,19,0.5,0.4,508,112,12.0,2.5,2807,194,66.2,3.2,706,118,16.6,2.7,79,39,1.9,0.9,384500,7823,(X),(X),4243,190,4243,(X),2683,190,63.2,3.9,1560,187,36.8,3.9,2683,190,2683,(X),9,14,0.3,0.5,67,37,2.5,1.4,210,67,7.8,2.4,384,97,14.3,3.4,561,112,20.9,4.0,606,124,22.6,4.3,846,138,31.5,4.6,2591,93,(X),(X),1560,187,1560,(X),0,19,0.0,2.1,7,11,0.4,0.7,60,32,3.8,2.1,160,75,10.3,4.4,353,104,22.6,5.8,980,144,62.8,7.0,1083,41,(X),(X),2652,187,2652,(X),915,138,34.5,4.6,504,106,19.0,3.5,274,76,10.3,2.9,272,90,10.3,3.3,687,122,25.9,4.4,31,35,(X),(X),1540,185,1540,(X),404,93,26.2,5.4,311,75,20.2,4.2,159,56,10.3,3.3,166,65,10.8,3.9,109,52,7.1,3.3,70,54,4.5,3.4,321,92,20.8,5.5,20,21,(X),(X),603,114,603,(X),29,42,4.8,6.8,80,33,13.3,5.6,89,39,14.8,6.4,167,71,27.7,10.9,170,81,28.2,12.4,42,31,7.0,5.0,26,33,4.3,5.2,1810,198,(X),(X),29,20,(X),(X),603,114,603,(X),72,48,11.9,7.3,34,35,5.6,5.4,81,52,13.4,8.1,67,47,11.1,7.7,27,24,4.5,4.1,322,77,53.4,10.6,29,20,(X),(X)
0600000US0900958300,0900958300,"Oxford town, New Haven County, Connecticut",4690,209,4690,(X),4385,162,93.5,3.4,305,165,6.5,3.4,1.6,2.3,(X),(X),0.0,5.7,(X),(X),4690,209,4690,(X),4409,234,94.0,2.2,122,69,2.6,1.5,61,52,1.3,1.1,54,68,1.2,1.4,0,19,0.0,0.7,0,19,0.0,0.7,44,39,0.9,0.8,0,19,0.0,0.7,0,19,0.0,0.7,4690,209,4690,(X),0,19,0.0,0.7,28,32,0.6,0.7,1020,171,21.7,3.4,653,160,13.9,3.3,726,179,15.5,3.7,745,166,15.9,3.6,300,109,6.4,2.3,374,112,8.0,2.5,411,156,8.8,3.3,433,139,9.2,2.8,4690,209,4690,(X),0,19,0.0,0.7,0,19,0.0,0.7,204,116,4.3,2.4,320,144,6.8,3.1,737,177,15.7,3.6,966,208,20.6,4.2,986,160,21.0,3.4,614,151,13.1,3.1,863,171,18.4,3.7,6.6,0.3,(X),(X),4690,209,4690,(X),0,19,0.0,0.7,194,90,4.1,1.9,892,175,19.0,3.9,2407,236,51.3,4.1,1062,197,22.6,3.9,135,93,2.9,2.0,4385,162,4385,(X),3836,219,87.5,3.8,549,168,12.5,3.8,3.02,0.10,(X),(X),2.31,0.50,(X),(X),4385,162,4385,(X),0,19,0.0,0.7,558,172,12.7,3.9,1991,233,45.4,4.9,765,197,17.4,4.4,576,132,13.1,3.1,495,122,11.3,2.7,4385,162,4385,(X),57,48,1.3,1.1,727,162,16.6,3.6,1996,278,45.5,6.1,1605,245,36.6,5.5,4385,162,4385,(X),682,130,15.6,2.9,313,123,7.1,2.8,205,115,4.7,2.5,2690,230,61.3,4.7,0,19,0.0,0.7,373,120,8.5,2.7,0,19,0.0,0.7,122,75,2.8,1.7,0,19,0.0,0.7,4385,162,4385,(X),15,23,0.3,0.5,0,19,0.0,0.7,15,23,0.3,0.5,4385,162,4385,(X),4385,162,100.0,0.7,0,19,0.0,0.7,0,19,0.0,0.7,3836,219,3836,(X),64,49,1.7,1.3,31,38,0.8,1.0,79,68,2.1,1.8,246,112,6.4,2.9,769,173,20.0,4.3,2146,259,55.9,5.4,456,130,11.9,3.3,45,52,1.2,1.4,350200,11474,(X),(X),3836,219,3836,(X),2768,261,72.2,4.6,1068,177,27.8,4.6,2768,261,2768,(X),28,31,1.0,1.1,141,75,5.1,2.6,291,129,10.5,4.5,352,115,12.7,4.1,585,179,21.1,6.2,732,158,26.4,5.4,639,151,23.1,4.8,2489,126,(X),(X),1068,177,1068,(X),0,19,0.0,3.0,14,22,1.3,2.0,55,47,5.1,4.2,321,133,30.1,11.1,294,129,27.5,11.4,384,112,36.0,9.6,873,65,(X),(X),2768,261,2768,(X),833,164,30.1,5.8,593,169,21.4,5.5,265,96,9.6,3.4,291,114,10.5,3.9,786,190,28.4,6.2,0,19,(X),(X),1068,177,1068,(X),325,116,30.4,8.7,229,97,21.4,8.9,162,81,15.2,7.0,149,88,14.0,7.8,67,49,6.3,4.3,0,19,0.0,3.0,136,65,12.7,6.2,0,19,(X),(X),437,163,437,(X),78,70,17.8,15.3,58,49,13.3,12.8,190,121,43.5,19.8,92,89,21.1,18.7,19,28,4.3,6.6,0,19,0.0,7.2,0,19,0.0,7.2,1285,183,(X),(X),112,70,(X),(X),437,163,437,(X),68,69,15.6,14.2,117,100,26.8,19.5,17,28,3.9,7.0,85,75,19.5,16.6,47,43,10.8,11.9,103,84,23.6,16.3,112,70,(X),(X)
0600000US0900962290,0900962290,"Prospect town, New Haven County, Connecticut",3311,139,3311,(X),3205,140,96.8,2.6,106,88,3.2,2.6,1.0,1.5,(X),(X),0.0,9.4,(X),(X),3311,139,3311,(X),2753,147,83.1,3.3,119,52,3.6,1.5,90,74,2.7,2.2,101,60,3.1,1.8,53,46,1.6,1.4,0,17,0.0,1.0,0,17,0.0,1.0,195,87,5.9,2.6,0,17,0.0,1.0,3311,139,3311,(X),34,53,1.0,1.6,108,51,3.3,1.5,344,123,10.4,3.7,484,141,14.6,4.3,657,167,19.8,4.8,335,106,10.1,3.2,402,94,12.1,2.8,475,128,14.3,3.9,303,107,9.2,3.1,169,77,5.1,2.3,3311,139,3311,(X),8,14,0.2,0.4,9,14,0.3,0.4,71,60,2.1,1.8,383,111,11.6,3.2,429,101,13.0,3.1,650,151,19.6,4.6,550,127,16.6,3.7,658,170,19.9,5.1,553,146,16.7,4.4,6.7,0.3,(X),(X),3311,139,3311,(X),17,19,0.5,0.6,88,49,2.7,1.5,683,148,20.6,4.3,1682,209,50.8,5.8,697,142,21.1,4.3,144,64,4.3,2.0,3205,140,3205,(X),2875,176,89.7,3.7,330,118,10.3,3.7,2.99,0.12,(X),(X),2.78,0.87,(X),(X),3205,140,3205,(X),0,17,0.0,1.0,612,144,19.1,4.5,930,161,29.0,4.8,642,136,20.0,4.2,426,96,13.3,3.0,595,117,18.6,3.3,3205,140,3205,(X),56,37,1.7,1.1,626,142,19.5,4.2,1168,171,36.4,4.9,1355,166,42.3,5.3,3205,140,3205,(X),280,70,8.7,2.2,139,78,4.3,2.4,202,91,6.3,2.8,2464,179,76.9,4.3,0,17,0.0,1.0,50,35,1.6,1.1,0,17,0.0,1.0,70,53,2.2,1.7,0,17,0.0,1.0,3205,140,3205,(X),0,17,0.0,1.0,0,17,0.0,1.0,29,24,0.9,0.7,3205,140,3205,(X),3188,141,99.5,0.6,9,15,0.3,0.5,8,14,0.2,0.4,2875,176,2875,(X),190,89,6.6,3.1,43,36,1.5,1.3,44,34,1.5,1.2,152,60,5.3,2.1,958,184,33.3,6.1,1409,210,49.0,6.6,73,53,2.5,1.8,6,11,0.2,0.4,305400,17802,(X),(X),2875,176,2875,(X),1949,187,67.8,4.4,926,130,32.2,4.4,1949,187,1949,(X),12,20,0.6,1.0,65,39,3.3,1.9,370,113,19.0,5.4,331,104,17.0,4.9,580,122,29.8,5.3,361,115,18.5,5.8,230,96,11.8,4.9,2169,99,(X),(X),926,130,926,(X),11,18,1.2,2.0,71,60,7.7,6.4,146,58,15.8,6.1,301,108,32.5,10.1,202,71,21.8,7.4,195,78,21.1,7.8,750,63,(X),(X),1949,187,1949,(X),740,157,38.0,6.8,506,132,26.0,6.3,284,102,14.6,5.1,187,79,9.6,4.0,232,75,11.9,3.7,0,17,(X),(X),920,131,920,(X),320,87,34.8,8.1,221,75,24.0,7.6,132,61,14.3,6.3,55,37,6.0,4.0,51,37,5.5,3.9,18,27,2.0,2.9,123,60,13.4,6.3,6,10,(X),(X),295,111,295,(X),8,14,2.7,5.2,140,87,47.5,25.4,40,48,13.6,16.9,36,50,12.2,17.7,71,76,24.1,23.4,0,17,0.0,10.4,0,17,0.0,10.4,999,357,(X),(X),35,46,(X),(X),287,113,287,(X),54,55,18.8,18.8,67,68,23.3,21.1,17,29,5.9,10.5,38,57,13.2,19.4,27,26,9.4,9.7,84,63,29.3,22.5,43,49,(X),(X)
0600000US0900967610,0900967610,"Seymour town, New Haven County, Connecticut",6649,315,6649,(X),6119,266,92.0,2.6,530,185,8.0,2.6,1.8,1.8,(X),(X),0.7,1.2,(X),(X),6649,315,6649,(X),4507,301,67.8,3.0,207,91,3.1,1.3,692,190,10.4,2.9,327,156,4.9,2.3,75,54,1.1,0.8,320,101,4.8,1.5,496,113,7.5,1.7,25,40,0.4,0.6,0,19,0.0,0.5,6649,315,6649,(X),0,19,0.0,0.5,76,57,1.1,0.9,595,171,8.9,2.6,461,128,6.9,1.9,771,147,11.6,2.1,1038,203,15.6,3.1,767,194,11.5,2.9,905,188,13.6,2.6,419,144,6.3,2.1,1617,240,24.3,3.5,6649,315,6649,(X),154,62,2.3,0.9,204,102,3.1,1.5,497,162,7.5,2.4,696,200,10.5,3.0,1472,235,22.1,3.3,1092,217,16.4,3.2,1186,207,17.8,2.9,625,171,9.4,2.6,723,169,10.9,2.6,5.8,0.2,(X),(X),6649,315,6649,(X),154,62,2.3,0.9,827,182,12.4,2.6,1616,234,24.3,3.4,2556,302,38.4,4.0,1364,238,20.5,3.5,132,58,2.0,0.9,6119,266,6119,(X),4498,258,73.5,3.3,1621,225,26.5,3.3,2.95,0.13,(X),(X),1.94,0.21,(X),(X),6119,266,6119,(X),118,94,1.9,1.5,1135,214,18.5,3.4,2342,259,38.3,4.0,1062,200,17.4,3.1,612,146,10.0,2.4,850,141,13.9,2.3,6119,266,6119,(X),287,105,4.7,1.7,1714,252,28.0,3.6,2512,287,41.1,4.5,1606,195,26.2,3.3,6119,266,6119,(X),450,137,7.4,2.2,275,118,4.5,1.9,917,225,15.0,3.6,4333,297,70.8,4.1,8,14,0.1,0.2,65,49,1.1,0.8,0,19,0.0,0.5,42,43,0.7,0.7,29,35,0.5,0.6,6119,266,6119,(X),0,19,0.0,0.5,8,16,0.1,0.3,40,38,0.7,0.6,6119,266,6119,(X),6048,282,98.8,0.8,57,56,0.9,0.9,14,24,0.2,0.4,4498,258,4498,(X),45,39,1.0,0.9,162,90,3.6,1.9,331,119,7.4,2.5,646,157,14.4,3.5,1830,244,40.7,4.9,1299,240,28.9,4.8,185,117,4.1,2.7,0,19,0.0,0.7,256100,11971,(X),(X),4498,258,4498,(X),3246,242,72.2,3.9,1252,195,27.8,3.9,3246,242,3246,(X),0,19,0.0,1.0,110,68,3.4,2.1,455,161,14.0,4.6,970,194,29.9,6.0,734,178,22.6,4.9,508,154,15.7,4.6,469,162,14.4,5.0,2060,122,(X),(X),1252,195,1252,(X),9,16,0.7,1.3,10,17,0.8,1.4,206,94,16.5,7.2,416,111,33.2,8.3,291,102,23.2,8.0,320,148,25.6,10.0,794,55,(X),(X),3246,242,3246,(X),1080,195,33.3,5.7,626,167,19.3,5.0,387,126,11.9,3.8,215,84,6.6,2.5,938,225,28.9,6.4,0,19,(X),(X),1229,196,1229,(X),205,81,16.7,5.8,243,89,19.8,6.6,119,66,9.7,5.4,243,135,19.8,9.8,73,45,5.9,3.6,74,48,6.0,3.7,272,89,22.1,7.5,23,36,(X),(X),1547,217,1547,(X),145,80,9.4,4.9,670,161,43.3,8.5,494,140,31.9,8.1,225,102,14.5,6.1,13,21,0.8,1.4,0,19,0.0,2.1,0,19,0.0,2.1,981,70,(X),(X),74,42,(X),(X),1519,216,1519,(X),203,128,13.4,8.0,199,84,13.1,5.3,302,140,19.9,8.4,176,112,11.6,7.2,159,90,10.5,6.0,480,152,31.6,9.7,102,51,(X),(X)
0600000US0900969640,0900969640,"Southbury town, New Haven County, Connecticut",8435,285,8435,(X),7669,272,90.9,2.5,766,219,9.1,2.5,1.8,1.8,(X),(X),3.9,3.5,(X),(X),8435,285,8435,(X),4931,254,58.5,2.5,1473,220,17.5,2.5,811,187,9.6,2.2,613,136,7.3,1.6,236,140,2.8,1.7,39,37,0.5,0.4,289,104,3.4,1.2,43,66,0.5,0.8,0,19,0.0,0.4,8435,285,8435,(X),0,19,0.0,0.4,10,11,0.1,0.1,585,131,6.9,1.5,1470,206,17.4,2.5,1073,143,12.7,1.7,2603,306,30.9,3.4,1411,212,16.7,2.4,306,96,3.6,1.1,297,110,3.5,1.3,680,183,8.1,2.2,8435,285,8435,(X),96,84,1.1,1.0,138,70,1.6,0.8,500,135,5.9,1.6,1865,233,22.1,2.7,989,188,11.7,2.2,1150,205,13.6,2.4,700,144,8.3,1.7,1171,192,13.9,2.2,1826,239,21.6,2.8,6.0,0.3,(X),(X),8435,285,8435,(X),96,84,1.1,1.0,900,197,10.7,2.3,2592,214,30.7,2.4,2242,281,26.6,3.0,2238,217,26.5,2.7,367,138,4.4,1.6,7669,272,7669,(X),6599,337,86.0,2.6,1070,194,14.0,2.6,2.59,0.10,(X),(X),1.80,0.19,(X),(X),7669,272,7669,(X),114,97,1.5,1.3,1578,265,20.6,3.3,2934,326,38.3,3.9,1789,208,23.3,2.7,696,137,9.1,1.7,558,116,7.3,1.5,7669,272,7669,(X),471,119,6.1,1.5,2565,268,33.4,2.9,2895,249,37.7,3.1,1738,169,22.7,2.3,7669,272,7669,(X),435,124,5.7,1.6,370,120,4.8,1.5,2926,244,38.2,2.5,3571,223,46.6,2.8,14,14,0.2,0.2,246,93,3.2,1.2,0,19,0.0,0.4,94,57,1.2,0.7,13,21,0.2,0.3,7669,272,7669,(X),0,19,0.0,0.4,116,93,1.5,1.2,55,47,0.7,0.6,7669,272,7669,(X),7577,280,98.8,0.7,54,46,0.7,0.6,38,41,0.5,0.5,6599,337,6599,(X),58,40,0.9,0.6,451,114,6.8,1.7,764,142,11.6,2.2,742,195,11.2,2.7,1148,209,17.4,2.9,2390,208,36.2,3.2,982,175,14.9,2.6,64,50,1.0,0.8,311400,16354,(X),(X),6599,337,6599,(X),4242,276,64.3,3.2,2357,264,35.7,3.2,4242,276,4242,(X),14,24,0.3,0.6,103,61,2.4,1.4,544,134,12.8,3.0,937,184,22.1,3.8,945,190,22.3,4.3,670,164,15.8,3.9,1029,181,24.3,4.0,2277,89,(X),(X),2357,264,2357,(X),20,20,0.8,0.9,38,26,1.6,1.1,71,42,3.0,1.8,412,102,17.5,3.8,695,174,29.5,6.2,1121,196,47.6,6.8,986,43,(X),(X),4189,289,4189,(X),1389,209,33.2,4.3,469,115,11.2,2.6,653,145,15.6,3.3,502,136,12.0,3.2,1176,191,28.1,4.2,53,66,(X),(X),2357,264,2357,(X),430,132,18.2,5.3,429,146,18.2,5.5,319,91,13.5,3.9,131,64,5.6,2.6,185,84,7.8,3.5,148,71,6.3,2.9,715,141,30.3,4.8,0,19,(X),(X),978,191,978,(X),57,34,5.8,3.6,85,57,8.7,5.5,396,126,40.5,10.9,206,90,21.1,8.6,53,45,5.4,4.4,35,44,3.6,4.5,146,103,14.9,9.6,1444,115,(X),(X),92,67,(X),(X),941,193,941,(X),73,52,7.8,5.1,40,30,4.3,3.2,82,57,8.7,5.9,122,64,13.0,6.4,72,42,7.7,4.3,552,156,58.7,10.1,129,72,(X),(X)
0600000US0900978740,0900978740,"Wallingford town, New Haven County, Connecticut",19280,384,19280,(X),17692,316,91.8,1.5,1588,309,8.2,1.5,1.0,0.6,(X),(X),9.5,3.5,(X),(X),19280,384,19280,(X),11706,350,60.7,1.6,1224,218,6.3,1.1,1418,234,7.4,1.2,1468,268,7.6,1.4,901,231,4.7,1.2,643,196,3.3,1.0,1660,208,8.6,1.1,260,86,1.3,0.4,0,25,0.0,0.2,19280,384,19280,(X),8,13,0.0,0.1,152,77,0.8,0.4,1384,216,7.2,1.1,1929,273,10.0,1.4,3398,318,17.6,1.6,2172,270,11.3,1.4,2148,273,11.1,1.4,3423,288,17.8,1.5,1016,195,5.3,1.0,3650,294,18.9,1.5,19280,384,19280,(X),380,128,2.0,0.7,567,169,2.9,0.9,1795,304,9.3,1.5,3124,358,16.2,1.8,3182,358,16.5,1.9,3609,334,18.7,1.7,2636,245,13.7,1.3,1947,244,10.1,1.2,2040,253,10.6,1.3,5.7,0.2,(X),(X),19280,384,19280,(X),433,135,2.2,0.7,2982,323,15.5,1.5,5022,396,26.0,2.0,7194,396,37.3,1.9,3100,288,16.1,1.5,549,172,2.8,0.9,17692,316,17692,(X),13225,414,74.8,2.0,4467,363,25.2,2.0,2.70,0.06,(X),(X),1.86,0.09,(X),(X),17692,316,17692,(X),121,104,0.7,0.6,4011,415,22.7,2.3,6009,435,34.0,2.4,3333,349,18.8,1.9,1850,237,10.5,1.3,2368,224,13.4,1.3,17692,316,17692,(X),864,176,4.9,1.0,5485,424,31.0,2.1,6970,413,39.4,2.3,4373,337,24.7,2.0,17692,316,17692,(X),5361,367,30.3,2.0,362,125,2.0,0.7,2552,268,14.4,1.5,9113,404,51.5,2.1,0,25,0.0,0.2,202,77,1.1,0.4,0,25,0.0,0.2,102,50,0.6,0.3,0,25,0.0,0.2,17692,316,17692,(X),21,31,0.1,0.2,239,103,1.4,0.6,288,102,1.6,0.6,17692,316,17692,(X),17396,344,98.3,0.7,185,103,1.0,0.6,111,82,0.6,0.5,13225,414,13225,(X),361,106,2.7,0.8,410,131,3.1,1.0,407,114,3.1,0.9,1966,250,14.9,1.8,5361,373,40.5,2.6,3972,285,30.0,2.1,654,174,4.9,1.3,94,58,0.7,0.4,262700,5790,(X),(X),13225,414,13225,(X),9172,362,69.4,2.1,4053,320,30.6,2.1,9172,362,9172,(X),33,27,0.4,0.3,621,157,6.8,1.7,2017,313,22.0,3.2,2539,254,27.7,2.5,1873,222,20.4,2.5,1223,190,13.3,2.0,866,202,9.4,2.1,1858,66,(X),(X),4053,320,4053,(X),100,66,2.5,1.6,144,69,3.6,1.6,628,143,15.5,3.3,1464,210,36.1,4.3,946,188,23.3,4.6,771,188,19.0,4.3,762,21,(X),(X),9151,360,9151,(X),3415,331,37.3,3.2,1723,231,18.8,2.4,1492,272,16.3,3.0,649,164,7.1,1.8,1872,237,20.5,2.4,21,22,(X),(X),4016,315,4016,(X),1233,191,30.7,4.2,854,176,21.3,3.9,603,138,15.0,3.1,414,117,10.3,2.8,155,66,3.9,1.7,251,90,6.3,2.2,506,118,12.6,2.7,37,43,(X),(X),4205,351,4205,(X),168,62,4.0,1.6,1531,231,36.4,4.4,1937,282,46.1,5.6,361,169,8.6,3.9,144,68,3.4,1.7,26,29,0.6,0.7,38,27,0.9,0.6,1066,28,(X),(X),262,103,(X),(X),4189,351,4189,(X),437,128,10.4,3.1,523,146,12.5,3.3,588,177,14.0,3.8,636,155,15.2,3.6,282,91,6.7,2.2,1723,258,41.1,5.1,278,106,(X),(X)
0600000US0900980070,0900980070,"Waterbury town, New Haven County, Connecticut",47356,807,47356,(X),40213,752,84.9,1.1,7143,546,15.1,1.1,3.3,1.1,(X),(X),9.0,1.5,(X),(X),47356,807,47356,(X),17524,686,37.0,1.3,1621,200,3.4,0.4,5362,473,11.3,1.0,9762,609,20.6,1.2,4777,475,10.1,1.0,3055,378,6.5,0.8,5147,432,10.9,0.9,77,72,0.2,0.2,31,35,0.1,0.1,47356,807,47356,(X),0,28,0.0,0.1,26,24,0.1,0.1,1331,250,2.8,0.5,2886,332,6.1,0.7,6233,540,13.2,1.1,5940,524,12.5,1.1,5044,523,10.7,1.1,7545,604,15.9,1.2,3303,326,7.0,0.7,15048,670,31.8,1.3,47356,807,47356,(X),1530,283,3.2,0.6,995,185,2.1,0.4,5321,444,11.2,0.9,10802,613,22.8,1.2,11775,640,24.9,1.3,9218,596,19.5,1.2,4334,494,9.2,1.0,1849,294,3.9,0.6,1532,222,3.2,0.5,4.9,0.1,(X),(X),47356,807,47356,(X),1578,284,3.3,0.6,6602,475,13.9,1.0,17735,753,37.5,1.4,16260,676,34.3,1.3,4278,453,9.0,1.0,903,179,1.9,0.4,40213,752,40213,(X),18466,613,45.9,1.3,21747,678,54.1,1.3,2.75,0.08,(X),(X),2.61,0.08,(X),(X),40213,752,40213,(X),691,197,1.7,0.5,12694,714,31.6,1.7,15597,723,38.8,1.6,4710,370,11.7,0.9,2456,310,6.1,0.8,4065,309,10.1,0.7,40213,752,40213,(X),7765,489,19.3,1.1,16070,843,40.0,1.8,11685,698,29.1,1.8,4693,346,11.7,0.9,40213,752,40213,(X),14272,705,35.5,1.6,722,140,1.8,0.3,12026,636,29.9,1.4,12589,539,31.3,1.3,0,28,0.0,0.1,284,107,0.7,0.3,0,28,0.0,0.1,177,73,0.4,0.2,143,61,0.4,0.2,40213,752,40213,(X),210,97,0.5,0.2,295,115,0.7,0.3,1423,248,3.5,0.6,40213,752,40213,(X),39080,817,97.2,0.5,835,163,2.1,0.4,298,122,0.7,0.3,18466,613,18466,(X),1005,197,5.4,1.0,3516,355,19.0,1.8,6610,474,35.8,2.2,4643,422,25.1,2.1,2091,272,11.3,1.4,412,124,2.2,0.7,140,61,0.8,0.3,49,31,0.3,0.2,134500,3141,(X),(X),18466,613,18466,(X),12663,559,68.6,2.0,5803,410,31.4,2.0,12663,559,12663,(X),102,73,0.8,0.6,1013,199,8.0,1.5,4454,385,35.2,2.5,4369,418,34.5,2.9,1766,288,13.9,2.1,662,137,5.2,1.1,297,101,2.3,0.8,1575,32,(X),(X),5803,410,5803,(X),208,85,3.6,1.4,208,87,3.6,1.5,897,174,15.5,2.8,2099,275,36.2,3.9,1381,215,23.8,3.2,1010,173,17.4,2.9,754,19,(X),(X),12582,572,12582,(X),3608,323,28.7,2.3,1845,281,14.7,2.0,1300,200,10.3,1.6,1311,250,10.4,1.9,4518,376,35.9,2.5,81,65,(X),(X),5668,405,5668,(X),1012,207,17.9,3.2,936,160,16.5,2.6,802,149,14.1,2.3,714,169,12.6,2.8,496,130,8.8,2.3,415,104,7.3,1.8,1293,193,22.8,3.1,135,76,(X),(X),21027,652,21027,(X),3242,356,15.4,1.5,10358,654,49.3,2.6,6362,457,30.3,2.1,904,209,4.3,1.0,69,53,0.3,0.3,75,60,0.4,0.3,17,29,0.1,0.1,902,18,(X),(X),720,148,(X),(X),20020,652,20020,(X),2194,353,11.0,1.7,1900,317,9.5,1.5,1970,275,9.8,1.3,1890,239,9.4,1.1,1869,282,9.3,1.4,10197,554,50.9,2.6,1727,247,(X),(X)
0600000US0900982870,0900982870,"West Haven town, New Haven County, Connecticut",22290,674,22290,(X),20137,580,90.3,1.6,2153,385,9.7,1.6,1.9,1.2,(X),(X),6.7,2.6,(X),(X),22290,674,22290,(X),10516,548,47.2,2.1,989,216,4.4,1.0,2639,416,11.8,1.8,2518,411,11.3,1.8,1088,223,4.9,1.0,1536,252,6.9,1.1,2873,336,12.9,1.5,124,87,0.6,0.4,7,11,0.0,0.1,22290,674,22290,(X),0,28,0.0,0.1,18,21,0.1,0.1,437,165,2.0,0.7,753,193,3.4,0.8,2777,360,12.5,1.6,2792,357,12.5,1.6,3270,424,14.7,1.8,4121,422,18.5,1.7,1610,292,7.2,1.3,6512,533,29.2,2.4,22290,674,22290,(X),507,191,2.3,0.8,669,193,3.0,0.9,3039,396,13.6,1.7,4010,403,18.0,1.8,5765,605,25.9,2.5,4173,399,18.7,1.8,2171,285,9.7,1.3,919,165,4.1,0.7,1037,211,4.7,1.0,5.0,0.1,(X),(X),22290,674,22290,(X),543,190,2.4,0.8,4334,474,19.4,1.9,6959,513,31.2,2.3,8369,535,37.5,2.1,1564,239,7.0,1.0,521,154,2.3,0.7,20137,580,20137,(X),11110,539,55.2,2.1,9027,490,44.8,2.1,2.69,0.09,(X),(X),2.47,0.14,(X),(X),20137,580,20137,(X),256,127,1.3,0.6,5301,452,26.3,2.2,8043,510,39.9,2.3,2545,360,12.6,1.7,1722,287,8.6,1.4,2270,250,11.3,1.2,20137,580,20137,(X),2259,329,11.2,1.5,8165,586,40.5,2.5,6917,453,34.3,2.1,2796,290,13.9,1.6,20137,580,20137,(X),9131,493,45.3,2.2,221,83,1.1,0.4,3885,444,19.3,2.1,6791,445,33.7,2.0,18,28,0.1,0.1,20,22,0.1,0.1,0,28,0.0,0.2,34,35,0.2,0.2,37,29,0.2,0.1,20137,580,20137,(X),74,74,0.4,0.4,42,59,0.2,0.3,330,129,1.6,0.6,20137,580,20137,(X),19542,611,97.0,1.0,432,172,2.1,0.8,163,111,0.8,0.6,11110,539,11110,(X),318,100,2.9,0.9,571,151,5.1,1.4,1361,250,12.3,2.1,3257,413,29.3,3.2,4378,359,39.4,2.8,1064,237,9.6,2.1,95,50,0.9,0.5,66,66,0.6,0.6,200800,5514,(X),(X),11110,539,11110,(X),8198,505,73.8,2.6,2912,309,26.2,2.6,8198,505,8198,(X),50,37,0.6,0.5,263,97,3.2,1.2,1667,257,20.3,3.0,2305,305,28.1,3.4,2438,312,29.7,3.3,1024,243,12.5,2.7,451,161,5.5,2.0,1964,58,(X),(X),2912,309,2912,(X),32,37,1.1,1.3,47,35,1.6,1.2,187,77,6.4,2.6,737,174,25.3,5.2,794,170,27.3,5.5,1115,231,38.3,6.0,883,35,(X),(X),8157,496,8157,(X),2041,295,25.0,3.5,1224,217,15.0,2.6,982,210,12.0,2.5,783,202,9.6,2.4,3127,379,38.3,3.7,41,38,(X),(X),2868,315,2868,(X),522,144,18.2,4.6,514,170,17.9,5.4,316,88,11.0,2.9,199,61,6.9,2.2,305,103,10.6,3.3,234,91,8.2,3.0,778,151,27.1,4.6,44,38,(X),(X),8863,493,8863,(X),711,176,8.0,1.9,2870,394,32.4,3.8,3917,424,44.2,4.2,1209,270,13.6,3.1,141,97,1.6,1.1,11,15,0.1,0.2,4,7,0.0,0.1,1084,33,(X),(X),164,68,(X),(X),8699,519,8699,(X),560,190,6.4,2.1,748,224,8.6,2.5,1067,235,12.3,2.7,889,223,10.2,2.6,962,239,11.1,2.5,4473,492,51.4,4.9,328,118,(X),(X)
0600000US0900987560,0900987560,"Wolcott town, New Haven County, Connecticut",6043,265,6043,(X),5746,212,95.1,2.6,297,167,4.9,2.6,0.0,0.7,(X),(X),3.1,5.2,(X),(X),6043,265,6043,(X),5144,291,85.1,2.8,141,69,2.3,1.1,281,131,4.7,2.2,130,99,2.2,1.6,193,74,3.2,1.2,81,73,1.3,1.2,73,42,1.2,0.7,0,19,0.0,0.5,0,19,0.0,0.5,6043,265,6043,(X),0,19,0.0,0.5,25,32,0.4,0.5,593,155,9.8,2.5,760,139,12.6,2.3,742,171,12.3,2.8,590,157,9.8,2.5,1015,216,16.8,3.5,1465,238,24.2,3.8,352,116,5.8,1.9,501,135,8.3,2.3,6043,265,6043,(X),56,41,0.9,0.7,49,45,0.8,0.7,321,112,5.3,1.8,493,147,8.2,2.4,1141,186,18.9,3.1,1382,252,22.9,3.7,1139,189,18.8,3.1,763,174,12.6,3.0,699,168,11.6,2.8,6.2,0.2,(X),(X),6043,265,6043,(X),56,41,0.9,0.7,361,112,6.0,1.8,983,186,16.3,3.0,3327,319,55.1,4.0,1085,187,18.0,3.3,231,109,3.8,1.8,5746,212,5746,(X),4974,277,86.6,3.6,772,208,13.4,3.6,2.96,0.12,(X),(X),2.36,0.52,(X),(X),5746,212,5746,(X),40,45,0.7,0.8,541,185,9.4,3.2,1896,275,33.0,4.5,1229,214,21.4,3.8,857,197,14.9,3.4,1183,177,20.6,2.9,5746,212,5746,(X),92,61,1.6,1.1,1429,246,24.9,3.9,2500,265,43.5,4.1,1725,198,30.0,3.8,5746,212,5746,(X),410,155,7.1,2.7,748,169,13.0,2.9,639,177,11.1,3.0,3676,256,64.0,4.3,15,18,0.3,0.3,164,98,2.9,1.7,0,19,0.0,0.6,78,74,1.4,1.3,16,27,0.3,0.5,5746,212,5746,(X),22,23,0.4,0.4,55,63,1.0,1.1,42,40,0.7,0.7,5746,212,5746,(X),5696,222,99.1,0.8,14,24,0.2,0.4,36,42,0.6,0.7,4974,277,4974,(X),168,78,3.4,1.6,87,73,1.7,1.5,400,147,8.0,2.9,885,177,17.8,3.4,1929,268,38.8,4.7,1232,183,24.8,3.5,162,88,3.3,1.8,111,108,2.2,2.2,240900,9755,(X),(X),4974,277,4974,(X),3566,287,71.7,3.6,1408,184,28.3,3.6,3566,287,3566,(X),49,44,1.4,1.2,132,63,3.7,1.8,676,172,19.0,4.4,1054,205,29.6,5.0,871,153,24.4,4.3,422,132,11.8,3.4,362,98,10.2,2.7,1935,86,(X),(X),1408,184,1408,(X),15,24,1.1,1.7,39,36,2.8,2.6,193,84,13.7,6.0,593,147,42.1,9.3,326,129,23.2,7.9,242,111,17.2,7.1,759,38,(X),(X),3558,286,3558,(X),1301,219,36.6,5.8,597,164,16.8,4.3,585,147,16.4,3.6,269,116,7.6,3.2,806,180,22.7,4.9,8,13,(X),(X),1393,185,1393,(X),313,93,22.5,6.0,270,108,19.4,8.3,292,151,21.0,9.8,106,59,7.6,4.1,178,95,12.8,6.8,51,39,3.7,2.7,183,97,13.1,6.5,15,23,(X),(X),648,196,648,(X),102,60,15.7,10.8,244,126,37.7,14.2,161,102,24.8,13.2,133,95,20.5,12.1,8,14,1.2,2.3,0,19,0.0,4.9,0,19,0.0,4.9,957,196,(X),(X),124,79,(X),(X),635,195,635,(X),18,21,2.8,3.1,91,87,14.3,12.4,41,34,6.5,5.2,73,48,11.5,8.1,113,67,17.8,10.4,299,138,47.1,14.5,137,81,(X),(X)
0600000US0900987700,0900987700,"Woodbridge town, New Haven County, Connecticut",3224,172,3224,(X),3084,158,95.7,2.9,140,98,4.3,2.9,1.1,1.2,(X),(X),11.4,18.4,(X),(X),3224,172,3224,(X),2946,164,91.4,3.0,72,73,2.2,2.2,33,31,1.0,1.0,12,20,0.4,0.6,12,20,0.4,0.6,0,17,0.0,1.0,149,82,4.6,2.5,0,17,0.0,1.0,0,17,0.0,1.0,3224,172,3224,(X),0,17,0.0,1.0,0,17,0.0,1.0,283,120,8.8,3.9,412,119,12.8,3.5,295,115,9.2,3.5,400,110,12.4,3.2,644,154,20.0,4.5,531,137,16.5,4.1,200,87,6.2,2.7,459,118,14.2,3.6,3224,172,3224,(X),47,61,1.5,1.9,102,86,3.2,2.6,30,35,0.9,1.1,121,68,3.8,2.1,221,105,6.9,3.2,368,125,11.4,3.8,379,123,11.8,3.7,656,136,20.3,4.3,1300,212,40.3,6.4,8.0,0.3,(X),(X),3224,172,3224,(X),47,61,1.5,1.9,118,89,3.7,2.7,289,120,9.0,3.6,1061,189,32.9,5.3,1266,178,39.3,5.5,443,125,13.7,3.9,3084,158,3084,(X),2766,161,89.7,3.9,318,125,10.3,3.9,3.00,0.15,(X),(X),1.71,0.42,(X),(X),3084,158,3084,(X),61,62,2.0,2.0,362,138,11.7,4.4,998,165,32.4,5.2,759,149,24.6,4.7,363,100,11.8,3.2,541,134,17.5,4.1,3084,158,3084,(X),142,91,4.6,2.9,591,147,19.2,4.3,1387,191,45.0,5.6,964,147,31.3,5.2,3084,158,3084,(X),273,98,8.9,3.2,121,68,3.9,2.2,223,112,7.2,3.5,2367,183,76.8,4.9,0,17,0.0,1.0,56,53,1.8,1.7,0,17,0.0,1.0,32,35,1.0,1.1,12,20,0.4,0.7,3084,158,3084,(X),43,65,1.4,2.1,14,22,0.5,0.7,0,17,0.0,1.0,3084,158,3084,(X),3076,160,99.7,0.4,8,12,0.3,0.4,0,17,0.0,1.0,2766,161,2766,(X),20,24,0.7,0.9,14,22,0.5,0.8,0,17,0.0,1.2,84,76,3.0,2.7,336,100,12.1,3.5,1119,176,40.5,5.8,1073,162,38.8,5.7,120,51,4.3,1.8,474500,20967,(X),(X),2766,161,2766,(X),1956,173,70.7,5.3,810,160,29.3,5.3,1956,173,1956,(X),0,17,0.0,1.6,22,26,1.1,1.3,70,58,3.6,3.0,257,113,13.1,5.5,150,68,7.7,3.5,210,94,10.7,4.8,1247,182,63.8,6.8,3529,278,(X),(X),810,160,810,(X),13,20,1.6,2.6,0,17,0.0,3.9,27,25,3.3,3.2,67,50,8.3,5.7,112,82,13.8,9.3,591,124,73.0,9.7,1300,137,(X),(X),1913,167,1913,(X),639,128,33.4,6.8,353,129,18.5,6.3,259,117,13.5,6.0,99,51,5.2,2.6,563,141,29.4,6.7,43,57,(X),(X),810,160,810,(X),253,74,31.2,9.2,131,76,16.2,8.7,23,23,2.8,3.0,58,43,7.2,5.2,12,18,1.5,2.2,45,43,5.6,5.0,288,116,35.6,11.3,0,17,(X),(X),303,125,303,(X),0,17,0.0,10.2,79,68,26.1,20.1,120,66,39.6,19.5,30,41,9.9,12.1,47,61,15.5,17.5,12,20,4.0,6.4,15,23,5.0,7.5,1197,205,(X),(X),15,19,(X),(X),303,125,303,(X),12,21,4.0,6.7,0,17,0.0,10.2,25,29,8.3,10.5,0,17,0.0,10.2,74,64,24.4,19.1,192,115,63.4,22.3,15,19,(X),(X)
0600000US0901100000,0901100000,"County subdivisions not defined, New London County, Connecticut",0,12,0,(X),0,12,-,**,0,12,-,**,-,**,(X),(X),-,**,(X),(X),0,12,0,(X),0,12,-,**,0,12,-,**,0,12,-,**,0,12,-,**,0,12,-,**,0,12,-,**,0,12,-,**,0,12,-,**,0,12,-,**,0,12,0,(X),0,12,-,**,0,12,-,**,0,12,-,**,0,12,-,**,0,12,-,**,0,12,-,**,0,12,-,**,0,12,-,**,0,12,-,**,0,12,-,**,0,12,0,(X),0,12,-,**,0,12,-,**,0,12,-,**,0,12,-,**,0,12,-,**,0,12,-,**,0,12,-,**,0,12,-,**,0,12,-,**,-,**,(X),(X),0,12,0,(X),0,12,-,**,0,12,-,**,0,12,-,**,0,12,-,**,0,12,-,**,0,12,-,**,0,12,0,(X),0,12,-,**,0,12,-,**,-,**,(X),(X),-,**,(X),(X),0,12,0,(X),0,12,-,**,0,12,-,**,0,12,-,**,0,12,-,**,0,12,-,**,0,12,-,**,0,12,0,(X),0,12,-,**,0,12,-,**,0,12,-,**,0,12,-,**,0,12,0,(X),0,12,-,**,0,12,-,**,0,12,-,**,0,12,-,**,0,12,-,**,0,12,-,**,0,12,-,**,0,12,-,**,0,12,-,**,0,12,0,(X),0,12,-,**,0,12,-,**,0,12,-,**,0,12,0,(X),0,12,-,**,0,12,-,**,0,12,-,**,0,12,0,(X),0,12,-,**,0,12,-,**,0,12,-,**,0,12,-,**,0,12,-,**,0,12,-,**,0,12,-,**,0,12,-,**,-,**,(X),(X),0,12,0,(X),0,12,-,**,0,12,-,**,0,12,0,(X),0,12,-,**,0,12,-,**,0,12,-,**,0,12,-,**,0,12,-,**,0,12,-,**,0,12,-,**,-,**,(X),(X),0,12,0,(X),0,12,-,**,0,12,-,**,0,12,-,**,0,12,-,**,0,12,-,**,0,12,-,**,-,**,(X),(X),0,12,0,(X),0,12,-,**,0,12,-,**,0,12,-,**,0,12,-,**,0,12,-,**,0,12,(X),(X),0,12,0,(X),0,12,-,**,0,12,-,**,0,12,-,**,0,12,-,**,0,12,-,**,0,12,-,**,0,12,-,**,0,12,(X),(X),0,12,0,(X),0,12,-,**,0,12,-,**,0,12,-,**,0,12,-,**,0,12,-,**,0,12,-,**,0,12,-,**,-,**,(X),(X),0,12,(X),(X),0,12,0,(X),0,12,-,**,0,12,-,**,0,12,-,**,0,12,-,**,0,12,-,**,0,12,-,**,0,12,(X),(X)
0600000US0901106820,0901106820,"Bozrah town, New London County, Connecticut",1087,73,1087,(X),1012,59,93.1,3.4,75,39,6.9,3.4,0.0,3.7,(X),(X),0.0,18.3,(X),(X),1087,73,1087,(X),1010,69,92.9,2.8,9,11,0.8,1.0,14,18,1.3,1.6,13,15,1.2,1.4,19,16,1.7,1.5,17,17,1.6,1.5,5,8,0.5,0.7,0,12,0.0,2.9,0,12,0.0,2.9,1087,73,1087,(X),0,12,0.0,2.9,6,10,0.6,0.9,101,37,9.3,3.4,123,33,11.3,3.0,138,51,12.7,4.6,145,52,13.3,4.7,217,45,20.0,4.0,142,48,13.1,4.4,24,19,2.2,1.7,191,53,17.6,4.4,1087,73,1087,(X),5,8,0.5,0.7,20,18,1.8,1.6,38,21,3.5,2.0,87,38,8.0,3.3,231,66,21.3,5.8,204,49,18.8,4.5,208,58,19.1,5.1,160,48,14.7,4.3,134,47,12.3,4.4,6.3,0.3,(X),(X),1087,73,1087,(X),8,10,0.7,0.9,59,25,5.4,2.3,198,61,18.2,4.8,589,77,54.2,6.4,186,49,17.1,4.9,47,31,4.3,2.8,1012,59,1012,(X),852,73,84.2,4.3,160,43,15.8,4.3,2.60,0.16,(X),(X),2.44,0.49,(X),(X),1012,59,1012,(X),7,12,0.7,1.1,196,47,19.4,4.7,312,55,30.8,5.4,182,45,18.0,4.3,151,41,14.9,3.9,164,42,16.2,3.8,1012,59,1012,(X),21,15,2.1,1.5,187,51,18.5,4.4,415,68,41.0,6.7,389,59,38.4,5.9,1012,59,1012,(X),38,39,3.8,3.8,64,35,6.3,3.5,77,38,7.6,3.8,692,84,68.4,5.8,6,9,0.6,0.9,122,41,12.1,4.0,0,12,0.0,3.2,13,14,1.3,1.4,0,12,0.0,3.2,1012,59,1012,(X),0,12,0.0,3.2,0,12,0.0,3.2,9,11,0.9,1.1,1012,59,1012,(X),1012,59,100.0,3.2,0,12,0.0,3.2,0,12,0.0,3.2,852,73,852,(X),17,16,2.0,1.9,4,7,0.5,0.8,61,28,7.2,3.2,188,58,22.1,6.7,381,69,44.7,7.1,178,46,20.9,5.1,23,21,2.7,2.5,0,12,0.0,3.7,236800,13156,(X),(X),852,73,852,(X),531,63,62.3,5.2,321,53,37.7,5.2,531,63,531,(X),6,9,1.1,1.7,25,18,4.7,3.4,168,38,31.6,6.3,188,51,35.4,8.1,97,40,18.3,7.4,27,18,5.1,3.4,20,18,3.8,3.3,1691,116,(X),(X),321,53,321,(X),0,12,0.0,9.6,13,13,4.0,3.9,104,34,32.4,9.1,117,32,36.4,9.7,51,29,15.9,8.1,36,24,11.2,7.4,659,38,(X),(X),531,63,531,(X),219,51,41.2,9.2,91,45,17.1,8.0,55,28,10.4,5.2,39,24,7.3,4.6,127,42,23.9,7.2,0,12,(X),(X),321,53,321,(X),123,39,38.3,9.3,95,35,29.6,10.1,39,22,12.1,6.6,13,13,4.0,4.1,8,12,2.5,3.7,8,11,2.5,3.4,35,23,10.9,6.8,0,12,(X),(X),149,40,149,(X),0,12,0.0,19.5,54,26,36.2,17.1,39,21,26.2,15.0,56,44,37.6,25.0,0,12,0.0,19.5,0,12,0.0,19.5,0,12,0.0,19.5,1307,360,(X),(X),11,12,(X),(X),149,40,149,(X),24,18,16.1,11.8,12,13,8.1,8.4,23,22,15.4,13.7,7,10,4.7,6.3,12,14,8.1,8.9,71,36,47.7,21.5,11,12,(X),(X)
0600000US0901115910,0901115910,"Colchester town, New London County, Connecticut",6209,209,6209,(X),5734,182,92.3,2.8,475,182,7.7,2.8,3.7,3.0,(X),(X),1.7,2.2,(X),(X),6209,209,6209,(X),4734,247,76.2,2.9,213,75,3.4,1.2,339,127,5.5,2.1,273,106,4.4,1.7,373,110,6.0,1.8,90,52,1.4,0.8,55,41,0.9,0.7,132,63,2.1,1.0,0,19,0.0,0.5,6209,209,6209,(X),12,20,0.2,0.3,113,53,1.8,0.9,746,156,12.0,2.5,1371,203,22.1,3.1,1255,207,20.2,3.4,994,223,16.0,3.6,584,153,9.4,2.4,429,92,6.9,1.5,151,81,2.4,1.3,554,178,8.9,2.9,6209,209,6209,(X),24,23,0.4,0.4,60,33,1.0,0.5,300,92,4.8,1.5,857,197,13.8,3.0,911,228,14.7,3.7,1344,218,21.6,3.5,1152,220,18.6,3.4,850,195,13.7,3.1,711,148,11.5,2.4,6.2,0.2,(X),(X),6209,209,6209,(X),24,23,0.4,0.4,631,161,10.2,2.5,1214,194,19.6,3.1,3123,250,50.3,3.6,1080,171,17.4,2.7,137,69,2.2,1.1,5734,182,5734,(X),4436,237,77.4,3.7,1298,225,22.6,3.7,2.91,0.10,(X),(X),2.31,0.25,(X),(X),5734,182,5734,(X),76,70,1.3,1.2,1504,211,26.2,3.5,2131,221,37.2,3.8,1171,181,20.4,3.1,578,149,10.1,2.5,274,73,4.8,1.3,5734,182,5734,(X),191,87,3.3,1.5,1273,202,22.2,3.1,2683,254,46.8,4.2,1587,176,27.7,3.2,5734,182,5734,(X),145,54,2.5,0.9,674,143,11.8,2.5,598,155,10.4,2.7,3836,267,66.9,3.9,16,26,0.3,0.5,411,141,7.2,2.5,0,19,0.0,0.6,54,39,0.9,0.7,0,19,0.0,0.6,5734,182,5734,(X),0,19,0.0,0.6,17,27,0.3,0.5,85,62,1.5,1.1,5734,182,5734,(X),5676,211,99.0,1.1,58,60,1.0,1.1,0,19,0.0,0.6,4436,237,4436,(X),71,40,1.6,0.9,140,108,3.2,2.4,246,80,5.5,1.8,469,124,10.6,2.7,1730,239,39.0,4.8,1636,215,36.9,4.6,81,58,1.8,1.3,63,61,1.4,1.4,274400,10984,(X),(X),4436,237,4436,(X),3541,250,79.8,3.6,895,166,20.2,3.6,3541,250,3541,(X),10,17,0.3,0.5,116,62,3.3,1.7,548,165,15.5,4.5,1053,200,29.7,4.8,947,162,26.7,4.7,378,141,10.7,3.9,489,141,13.8,3.8,2023,96,(X),(X),895,166,895,(X),14,15,1.6,1.7,20,28,2.2,3.1,58,40,6.5,4.3,188,74,21.0,7.4,323,91,36.1,9.3,292,113,32.6,9.7,897,48,(X),(X),3515,246,3515,(X),1366,192,38.9,5.2,734,153,20.9,4.0,444,133,12.6,3.6,294,114,8.4,3.2,677,163,19.3,4.3,26,31,(X),(X),869,166,869,(X),233,81,26.8,9.1,231,106,26.6,10.7,118,66,13.6,7.3,50,45,5.8,4.9,65,69,7.5,7.5,41,44,4.7,5.0,131,62,15.1,6.8,26,38,(X),(X),1264,217,1264,(X),81,42,6.4,3.5,302,89,23.9,7.8,510,136,40.3,8.9,262,160,20.7,10.7,78,61,6.2,4.8,16,25,1.3,2.1,15,24,1.2,1.9,1150,70,(X),(X),34,45,(X),(X),1264,217,1264,(X),187,102,14.8,7.8,232,126,18.4,8.5,237,91,18.8,7.3,165,80,13.1,5.9,155,108,12.3,8.0,288,102,22.8,8.6,34,45,(X),(X)
0600000US0901123400,0901123400,"East Lyme town, New London County, Connecticut",8226,255,8226,(X),7228,224,87.9,2.2,998,196,12.1,2.2,0.9,0.9,(X),(X),6.4,4.4,(X),(X),8226,255,8226,(X),6846,304,83.2,2.3,285,68,3.5,0.8,258,107,3.1,1.3,178,63,2.2,0.8,137,63,1.7,0.8,293,91,3.6,1.1,222,67,2.7,0.8,7,11,0.1,0.1,0,19,0.0,0.4,8226,255,8226,(X),0,19,0.0,0.4,54,29,0.7,0.3,932,149,11.3,1.8,970,151,11.8,1.8,1021,153,12.4,1.7,1186,152,14.4,1.8,1228,186,14.9,2.2,882,144,10.7,1.7,419,108,5.1,1.3,1534,182,18.6,2.2,8226,255,8226,(X),16,18,0.2,0.2,52,47,0.6,0.6,396,103,4.8,1.3,806,145,9.8,1.7,1489,186,18.1,2.2,1355,200,16.5,2.4,1590,212,19.3,2.6,1190,166,14.5,2.0,1332,220,16.2,2.5,6.5,0.2,(X),(X),8226,255,8226,(X),22,21,0.3,0.3,496,121,6.0,1.5,1848,187,22.5,2.1,3337,276,40.6,3.4,2028,229,24.7,2.5,495,159,6.0,1.9,7228,224,7228,(X),5759,244,79.7,2.8,1469,219,20.3,2.8,2.40,0.07,(X),(X),2.24,0.24,(X),(X),7228,224,7228,(X),20,18,0.3,0.3,1706,231,23.6,3.1,2352,251,32.5,3.3,1339,146,18.5,1.9,853,121,11.8,1.6,958,119,13.3,1.6,7228,224,7228,(X),174,65,2.4,0.9,2314,230,32.0,2.6,3300,228,45.7,2.8,1440,190,19.9,2.8,7228,224,7228,(X),263,74,3.6,1.0,644,121,8.9,1.6,1516,173,21.0,2.3,4458,232,61.7,2.7,12,14,0.2,0.2,233,87,3.2,1.2,15,24,0.2,0.3,66,39,0.9,0.5,21,20,0.3,0.3,7228,224,7228,(X),17,18,0.2,0.2,30,23,0.4,0.3,66,37,0.9,0.5,7228,224,7228,(X),7201,219,99.6,0.3,27,25,0.4,0.3,0,19,0.0,0.4,5759,244,5759,(X),103,45,1.8,0.8,51,37,0.9,0.6,150,49,2.6,0.8,454,100,7.9,1.6,2008,166,34.9,2.8,2076,201,36.0,3.1,783,140,13.6,2.3,134,59,2.3,1.0,307800,9676,(X),(X),5759,244,5759,(X),3683,245,64.0,2.9,2076,176,36.0,2.9,3683,245,3683,(X),13,14,0.4,0.4,161,52,4.4,1.4,636,111,17.3,2.7,1030,158,28.0,3.7,721,126,19.6,3.1,583,98,15.8,2.5,539,119,14.6,3.1,2001,93,(X),(X),2076,176,2076,(X),10,15,0.5,0.7,97,44,4.7,2.0,269,78,13.0,3.6,670,115,32.3,4.6,468,95,22.5,4.4,562,102,27.1,4.5,798,33,(X),(X),3664,242,3664,(X),1379,170,37.6,4.0,631,116,17.2,3.0,455,104,12.4,2.7,323,98,8.8,2.6,876,140,23.9,3.5,19,22,(X),(X),2053,178,2053,(X),703,114,34.2,4.8,420,91,20.5,4.2,279,75,13.6,3.4,212,67,10.3,3.1,64,33,3.1,1.6,108,65,5.3,3.1,267,62,13.0,2.7,23,24,(X),(X),1362,198,1362,(X),76,45,5.6,3.2,334,100,24.5,7.2,621,150,45.6,8.7,245,104,18.0,7.0,70,55,5.1,3.9,10,16,0.7,1.2,6,10,0.4,0.7,1201,92,(X),(X),107,74,(X),(X),1355,196,1355,(X),130,56,9.6,4.1,222,72,16.4,4.9,209,94,15.4,6.1,256,109,18.9,7.5,85,54,6.3,4.0,453,129,33.4,8.4,114,75,(X),(X)
0600000US0901129910,0901129910,"Franklin town, New London County, Connecticut",772,37,772,(X),710,41,92.0,4.2,62,34,8.0,4.2,0.0,5.0,(X),(X),0.0,31.0,(X),(X),772,37,772,(X),723,37,93.7,2.5,13,9,1.7,1.1,18,17,2.3,2.2,3,4,0.4,0.5,0,12,0.0,4.1,0,12,0.0,4.1,15,8,1.9,1.0,0,12,0.0,4.1,0,12,0.0,4.1,772,37,772,(X),0,12,0.0,4.1,18,9,2.3,1.2,64,22,8.3,2.7,76,29,9.8,3.7,148,30,19.2,3.8,115,29,14.9,3.6,102,35,13.2,4.4,92,23,11.9,3.0,47,22,6.1,2.8,110,32,14.2,4.3,772,37,772,(X),10,15,1.3,1.9,0,12,0.0,4.1,12,8,1.6,1.1,44,21,5.7,2.7,151,40,19.6,5.0,189,44,24.5,5.8,168,38,21.8,4.8,79,23,10.2,2.9,119,29,15.4,3.7,6.4,0.2,(X),(X),772,37,772,(X),10,15,1.3,1.9,45,24,5.8,3.1,76,23,9.8,2.9,444,48,57.5,6.1,152,36,19.7,4.6,45,14,5.8,1.8,710,41,710,(X),626,45,88.2,3.6,84,26,11.8,3.6,2.76,0.18,(X),(X),2.14,0.38,(X),(X),710,41,710,(X),0,12,0.0,4.5,86,30,12.1,4.1,211,46,29.7,5.8,171,36,24.1,5.1,125,27,17.6,3.8,117,25,16.5,3.5,710,41,710,(X),12,9,1.7,1.2,147,34,20.7,4.5,300,41,42.3,5.0,251,38,35.4,5.0,710,41,710,(X),0,12,0.0,4.5,42,20,5.9,2.8,64,23,9.0,3.1,502,47,70.7,4.9,0,12,0.0,4.5,91,26,12.8,3.7,0,12,0.0,4.5,11,9,1.5,1.3,0,12,0.0,4.5,710,41,710,(X),0,12,0.0,4.5,0,12,0.0,4.5,8,7,1.1,1.0,710,41,710,(X),700,44,98.6,1.5,3,4,0.4,0.6,7,10,1.0,1.3,626,45,626,(X),13,9,2.1,1.5,2,4,0.3,0.6,26,15,4.2,2.4,126,37,20.1,5.5,299,43,47.8,6.8,143,37,22.8,5.6,14,11,2.2,1.7,3,4,0.5,0.6,242000,9561,(X),(X),626,45,626,(X),459,43,73.3,5.0,167,35,26.7,5.0,459,43,459,(X),9,12,2.0,2.5,16,11,3.5,2.3,139,40,30.3,7.2,130,28,28.3,5.8,90,23,19.6,4.9,48,19,10.5,4.1,27,15,5.9,3.4,1737,116,(X),(X),167,35,167,(X),0,12,0.0,17.6,9,8,5.4,4.1,53,17,31.7,10.7,86,29,51.5,13.1,16,17,9.6,9.4,3,4,1.8,2.3,638,28,(X),(X),454,43,454,(X),199,34,43.8,6.6,68,18,15.0,3.7,51,18,11.2,4.1,37,25,8.1,5.5,99,33,21.8,6.7,5,5,(X),(X),167,35,167,(X),87,26,52.1,10.9,35,20,21.0,10.4,12,9,7.2,5.1,18,10,10.8,5.7,9,8,5.4,4.6,4,5,2.4,3.2,2,3,1.2,1.9,0,12,(X),(X),71,26,71,(X),6,6,8.5,9.5,23,12,32.4,18.8,5,7,7.0,9.1,27,20,38.0,22.1,10,16,14.1,19.7,0,12,0.0,34.8,0,12,0.0,34.8,1528,746,(X),(X),13,9,(X),(X),71,26,71,(X),20,17,28.2,21.2,11,10,15.5,13.1,0,12,0.0,34.8,12,11,16.9,15.6,0,12,0.0,34.8,28,17,39.4,19.8,13,9,(X),(X)
0600000US0901133900,0901133900,"Griswold town, New London County, Connecticut",4936,305,4936,(X),4487,290,90.9,3.8,449,196,9.1,3.8,1.1,1.8,(X),(X),5.6,5.9,(X),(X),4936,305,4936,(X),3165,270,64.1,4.6,231,130,4.7,2.6,364,129,7.4,2.5,385,178,7.8,3.6,401,168,8.1,3.3,161,82,3.3,1.7,33,26,0.7,0.5,196,95,4.0,1.9,0,19,0.0,0.7,4936,305,4936,(X),0,19,0.0,0.7,22,25,0.4,0.5,563,172,11.4,3.3,635,181,12.9,3.7,817,192,16.6,3.7,878,211,17.8,4.2,558,195,11.3,3.8,327,128,6.6,2.6,206,106,4.2,2.1,930,216,18.8,4.2,4936,305,4936,(X),12,18,0.2,0.4,117,80,2.4,1.6,399,183,8.1,3.5,948,249,19.2,5.0,1139,213,23.1,4.2,848,209,17.2,4.1,801,207,16.2,4.0,311,137,6.3,2.7,361,116,7.3,2.4,5.4,0.2,(X),(X),4936,305,4936,(X),12,18,0.2,0.4,554,174,11.2,3.4,1641,268,33.2,5.0,1924,263,39.0,4.8,726,186,14.7,3.7,79,67,1.6,1.4,4487,290,4487,(X),3110,270,69.3,4.8,1377,247,30.7,4.8,2.80,0.21,(X),(X),2.31,0.31,(X),(X),4487,290,4487,(X),0,19,0.0,0.7,1014,231,22.6,4.9,1765,282,39.3,5.1,778,160,17.3,3.7,504,152,11.2,3.3,426,121,9.5,2.7,4487,290,4487,(X),124,67,2.8,1.5,1659,247,37.0,4.5,1632,215,36.4,4.2,1072,170,23.9,3.8,4487,290,4487,(X),167,107,3.7,2.4,252,98,5.6,2.1,751,187,16.7,4.0,2858,286,63.7,5.3,15,24,0.3,0.5,331,141,7.4,3.0,0,19,0.0,0.7,78,56,1.7,1.2,35,41,0.8,0.9,4487,290,4487,(X),0,19,0.0,0.7,0,19,0.0,0.7,102,61,2.3,1.4,4487,290,4487,(X),4413,321,98.4,1.7,74,74,1.6,1.7,0,19,0.0,0.7,3110,270,3110,(X),118,71,3.8,2.2,118,62,3.8,2.0,473,132,15.2,4.2,786,174,25.3,5.3,930,171,29.9,5.1,566,168,18.2,5.1,108,79,3.5,2.4,11,19,0.4,0.6,206100,16345,(X),(X),3110,270,3110,(X),2109,243,67.8,5.5,1001,197,32.2,5.5,2109,243,2109,(X),17,27,0.8,1.3,126,74,6.0,3.5,523,143,24.8,6.3,694,187,32.9,7.9,316,111,15.0,4.9,270,114,12.8,5.2,163,84,7.7,3.7,1832,75,(X),(X),1001,197,1001,(X),17,27,1.7,2.7,78,53,7.8,5.1,331,115,33.1,9.3,246,104,24.6,8.5,243,90,24.3,8.0,86,59,8.6,5.7,659,73,(X),(X),2096,242,2096,(X),662,176,31.6,8.1,339,150,16.2,6.6,260,104,12.4,4.5,159,77,7.6,3.5,676,171,32.3,7.6,13,20,(X),(X),952,185,952,(X),319,102,33.5,9.0,246,101,25.8,8.8,132,69,13.9,6.5,83,54,8.7,5.6,53,50,5.6,5.1,13,20,1.4,2.2,106,68,11.1,6.5,49,46,(X),(X),1361,247,1361,(X),188,120,13.8,8.3,651,184,47.8,11.3,450,174,33.1,11.2,72,81,5.3,5.9,0,19,0.0,2.4,0,19,0.0,2.4,0,19,0.0,2.4,949,45,(X),(X),16,26,(X),(X),1351,246,1351,(X),151,109,11.2,7.9,104,90,7.7,6.6,302,150,22.4,10.4,224,150,16.6,10.4,92,77,6.8,5.4,478,185,35.4,12.6,26,33,(X),(X)
0600000US0901134250,0901134250,"Groton town, New London County, Connecticut",18506,526,18506,(X),16260,410,87.9,1.8,2246,368,12.1,1.8,2.9,1.7,(X),(X),8.5,2.6,(X),(X),18506,526,18506,(X),8568,418,46.3,1.7,1556,252,8.4,1.4,1200,248,6.5,1.3,1938,333,10.5,1.7,1466,268,7.9,1.4,888,229,4.8,1.2,2392,253,12.9,1.4,498,106,2.7,0.6,0,25,0.0,0.2,18506,526,18506,(X),5,8,0.0,0.1,214,99,1.2,0.5,2404,306,13.0,1.6,2207,295,11.9,1.5,2729,345,14.7,1.8,2638,374,14.3,2.0,2140,274,11.6,1.5,2015,311,10.9,1.6,1168,254,6.3,1.3,2986,280,16.1,1.5,18506,526,18506,(X),332,161,1.8,0.9,631,190,3.4,1.0,2069,327,11.2,1.7,3661,411,19.8,2.1,3549,386,19.2,2.0,3181,296,17.2,1.6,2330,281,12.6,1.5,1294,179,7.0,1.0,1459,199,7.9,1.0,5.2,0.1,(X),(X),18506,526,18506,(X),423,175,2.3,1.0,2696,361,14.6,1.8,6351,483,34.3,2.3,6017,384,32.5,2.0,2618,247,14.1,1.3,401,102,2.2,0.5,16260,410,16260,(X),7847,359,48.3,2.1,8413,432,51.7,2.1,2.37,0.08,(X),(X),2.16,0.08,(X),(X),16260,410,16260,(X),387,172,2.4,1.1,6285,416,38.7,2.3,4885,415,30.0,2.3,2294,261,14.1,1.6,1117,168,6.9,1.0,1292,156,7.9,1.0,16260,410,16260,(X),1415,276,8.7,1.7,6230,512,38.3,2.6,6082,392,37.4,2.5,2533,287,15.6,1.8,16260,410,16260,(X),1586,220,9.8,1.3,1037,180,6.4,1.1,4979,418,30.6,2.5,8372,431,51.5,2.4,0,25,0.0,0.2,212,80,1.3,0.5,12,22,0.1,0.1,42,33,0.3,0.2,20,19,0.1,0.1,16260,410,16260,(X),45,44,0.3,0.3,191,121,1.2,0.7,265,79,1.6,0.5,16260,410,16260,(X),16025,425,98.6,0.7,177,84,1.1,0.5,58,66,0.4,0.4,7847,359,7847,(X),281,85,3.6,1.1,383,130,4.9,1.6,713,170,9.1,2.1,1227,190,15.6,2.2,2486,233,31.7,2.7,1773,214,22.6,2.7,846,124,10.8,1.5,138,46,1.8,0.6,253300,9402,(X),(X),7847,359,7847,(X),5390,342,68.7,2.7,2457,225,31.3,2.7,5390,342,5390,(X),46,33,0.9,0.6,316,110,5.9,2.0,1197,223,22.2,3.7,1651,233,30.6,3.7,979,165,18.2,3.1,632,105,11.7,1.9,569,106,10.6,1.8,1850,55,(X),(X),2457,225,2457,(X),22,20,0.9,0.8,184,73,7.5,2.8,433,121,17.6,4.3,699,150,28.4,5.1,539,111,21.9,4.4,580,90,23.6,3.6,771,32,(X),(X),5382,340,5382,(X),2299,266,42.7,4.2,842,152,15.6,2.7,447,116,8.3,2.0,564,146,10.5,2.7,1230,202,22.9,3.3,8,13,(X),(X),2444,221,2444,(X),655,121,26.8,4.2,499,124,20.4,4.5,327,81,13.4,3.5,173,61,7.1,2.5,166,71,6.8,2.8,191,78,7.8,3.1,433,99,17.7,3.6,13,22,(X),(X),8109,428,8109,(X),1019,214,12.6,2.7,2075,331,25.6,3.6,3386,351,41.8,3.7,1334,236,16.5,2.9,167,92,2.1,1.1,80,49,1.0,0.6,48,35,0.6,0.4,1149,39,(X),(X),304,131,(X),(X),7948,433,7948,(X),1042,244,13.1,3.0,1161,243,14.6,2.9,1145,229,14.4,2.8,992,213,12.5,2.7,985,236,12.4,2.8,2623,338,33.0,3.9,465,156,(X),(X)
0600000US0901142390,0901142390,"Lebanon town, New London County, Connecticut",3097,172,3097,(X),2661,147,85.9,5.7,436,193,14.1,5.7,6.0,4.9,(X),(X),0.0,11.2,(X),(X),3097,172,3097,(X),2898,222,93.6,3.6,35,39,1.1,1.3,83,83,2.7,2.7,0,17,0.0,1.0,38,57,1.2,1.8,0,17,0.0,1.0,12,20,0.4,0.6,31,37,1.0,1.2,0,17,0.0,1.0,3097,172,3097,(X),0,17,0.0,1.0,0,17,0.0,1.0,255,109,8.2,3.5,275,108,8.9,3.4,652,156,21.1,5.2,506,148,16.3,4.7,404,147,13.0,4.8,442,173,14.3,5.3,36,30,1.2,1.0,527,168,17.0,5.4,3097,172,3097,(X),0,17,0.0,1.0,12,20,0.4,0.6,101,95,3.3,3.1,365,147,11.8,4.7,620,205,20.0,6.2,433,130,14.0,4.1,622,175,20.1,5.5,391,122,12.6,3.8,553,186,17.9,6.1,6.5,0.4,(X),(X),3097,172,3097,(X),0,17,0.0,1.0,76,56,2.5,1.8,538,170,17.4,5.5,1570,257,50.7,7.1,790,154,25.5,4.9,123,84,4.0,2.7,2661,147,2661,(X),2387,174,89.7,4.9,274,134,10.3,4.9,2.78,0.14,(X),(X),1.96,0.61,(X),(X),2661,147,2661,(X),12,17,0.5,0.6,406,141,15.3,5.1,872,191,32.8,6.7,529,131,19.9,5.1,413,119,15.5,4.5,429,113,16.1,4.1,2661,147,2661,(X),0,17,0.0,1.2,514,157,19.3,5.3,1063,182,39.9,6.3,1084,156,40.7,6.5,2661,147,2661,(X),29,33,1.1,1.2,189,89,7.1,3.3,181,84,6.8,3.2,1800,220,67.6,6.8,28,31,1.1,1.2,328,105,12.3,4.0,13,20,0.5,0.8,83,64,3.1,2.4,10,17,0.4,0.7,2661,147,2661,(X),0,17,0.0,1.2,12,19,0.5,0.7,44,49,1.7,1.8,2661,147,2661,(X),2641,154,99.2,1.2,20,31,0.8,1.2,0,17,0.0,1.2,2387,174,2387,(X),55,44,2.3,1.8,72,92,3.0,3.8,97,57,4.1,2.3,327,111,13.7,4.6,1018,163,42.6,6.5,686,137,28.7,5.3,97,61,4.1,2.5,35,45,1.5,1.9,265400,11901,(X),(X),2387,174,2387,(X),1698,166,71.1,5.8,689,157,28.9,5.8,1698,166,1698,(X),27,30,1.6,1.8,91,60,5.4,3.4,376,121,22.1,6.6,408,104,24.0,6.1,327,114,19.3,6.8,243,97,14.3,5.6,226,106,13.3,5.7,1936,151,(X),(X),689,157,689,(X),14,23,2.0,3.4,14,23,2.0,3.4,265,123,38.5,14.2,188,83,27.3,11.9,72,52,10.4,7.2,136,90,19.7,11.8,667,111,(X),(X),1698,166,1698,(X),595,135,35.0,7.4,251,106,14.8,6.1,224,107,13.2,6.2,133,70,7.8,4.1,495,130,29.2,6.7,0,17,(X),(X),689,157,689,(X),211,88,30.6,11.7,214,126,31.1,15.1,153,81,22.2,11.9,55,44,8.0,6.4,13,21,1.9,3.1,0,17,0.0,4.6,43,46,6.2,6.4,0,17,(X),(X),254,128,254,(X),12,20,4.7,8.0,83,89,32.7,26.6,125,78,49.2,26.3,34,38,13.4,14.5,0,17,0.0,12.0,0,17,0.0,12.0,0,17,0.0,12.0,1110,196,(X),(X),20,32,(X),(X),254,128,254,(X),12,20,4.7,8.0,32,38,12.6,15.5,30,34,11.8,12.2,15,24,5.9,10.2,0,17,0.0,12.0,165,111,65.0,22.3,20,32,(X),(X)
0600000US0901142600,0901142600,"Ledyard town, New London County, Connecticut",6160,220,6160,(X),5704,221,92.6,2.6,456,167,7.4,2.6,2.7,2.2,(X),(X),0.7,1.0,(X),(X),6160,220,6160,(X),5273,236,85.6,3.1,64,50,1.0,0.8,163,146,2.6,2.4,244,93,4.0,1.5,174,103,2.8,1.6,0,19,0.0,0.5,0,19,0.0,0.5,242,112,3.9,1.8,0,19,0.0,0.5,6160,220,6160,(X),0,19,0.0,0.5,55,73,0.9,1.2,533,153,8.7,2.5,545,175,8.8,2.8,871,182,14.1,3.0,1432,257,23.2,4.0,1562,249,25.4,3.8,821,207,13.3,3.4,96,49,1.6,0.8,245,96,4.0,1.5,6160,220,6160,(X),12,20,0.2,0.3,82,60,1.3,1.0,96,56,1.6,0.9,796,231,12.9,3.6,989,229,16.1,3.7,1153,261,18.7,4.1,1084,226,17.6,3.8,896,200,14.5,3.1,1052,192,17.1,3.2,6.5,0.3,(X),(X),6160,220,6160,(X),12,20,0.2,0.3,126,73,2.0,1.2,1319,260,21.4,3.9,2648,272,43.0,4.1,1792,246,29.1,4.0,263,111,4.3,1.8,5704,221,5704,(X),4676,242,82.0,3.0,1028,177,18.0,3.0,2.64,0.11,(X),(X),2.60,0.29,(X),(X),5704,221,5704,(X),137,96,2.4,1.7,1258,234,22.1,4.0,1848,239,32.4,4.1,1009,199,17.7,3.3,653,138,11.4,2.4,799,168,14.0,2.9,5704,221,5704,(X),86,85,1.5,1.5,1440,239,25.2,3.9,2710,250,47.5,4.0,1468,213,25.7,3.8,5704,221,5704,(X),86,57,1.5,1.0,279,122,4.9,2.1,689,173,12.1,2.9,4319,222,75.7,3.7,0,19,0.0,0.6,282,115,4.9,2.0,1,2,0.0,0.1,48,40,0.8,0.7,0,19,0.0,0.6,5704,221,5704,(X),0,19,0.0,0.6,0,19,0.0,0.6,31,58,0.5,1.0,5704,221,5704,(X),5656,228,99.2,0.8,36,40,0.6,0.7,12,20,0.2,0.3,4676,242,4676,(X),218,112,4.7,2.4,83,60,1.8,1.3,219,109,4.7,2.3,818,203,17.5,4.1,2103,257,45.0,5.3,1147,200,24.5,4.2,76,55,1.6,1.2,12,19,0.3,0.4,242900,9698,(X),(X),4676,242,4676,(X),3333,282,71.3,4.6,1343,223,28.7,4.6,3333,282,3333,(X),47,71,1.4,2.1,92,72,2.8,2.1,519,151,15.6,4.4,1153,230,34.6,6.0,723,171,21.7,5.0,425,132,12.8,4.1,374,138,11.2,4.0,1945,77,(X),(X),1343,223,1343,(X),14,21,1.0,1.6,80,72,6.0,5.1,277,125,20.6,7.6,485,143,36.1,10.0,364,106,27.1,7.8,123,64,9.2,4.4,738,40,(X),(X),3333,282,3333,(X),1293,223,38.8,6.1,538,157,16.1,4.5,498,120,14.9,3.2,278,124,8.3,3.7,726,201,21.8,5.6,0,19,(X),(X),1302,211,1302,(X),505,154,38.8,9.5,331,114,25.4,7.7,176,78,13.5,5.7,100,75,7.7,5.5,26,30,2.0,2.3,25,27,1.9,2.0,139,75,10.7,5.6,41,64,(X),(X),978,182,978,(X),0,19,0.0,3.3,361,171,36.9,15.9,387,151,39.6,14.1,180,85,18.4,7.9,33,34,3.4,3.5,17,26,1.7,2.7,0,19,0.0,3.3,1137,132,(X),(X),50,42,(X),(X),978,182,978,(X),32,36,3.3,3.6,161,93,16.5,9.4,176,116,18.0,11.6,237,109,24.2,9.8,66,100,6.7,10.0,306,137,31.3,14.0,50,42,(X),(X)
0600000US0901143230,0901143230,"Lisbon town, New London County, Connecticut",1640,95,1640,(X),1580,79,96.3,3.5,60,60,3.7,3.5,2.1,3.2,(X),(X),0.0,13.1,(X),(X),1640,95,1640,(X),1436,100,87.6,4.1,36,39,2.2,2.4,51,32,3.1,1.9,31,38,1.9,2.3,0,12,0.0,2.0,4,8,0.2,0.5,0,12,0.0,2.0,82,35,5.0,2.0,0,12,0.0,2.0,1640,95,1640,(X),0,12,0.0,2.0,10,15,0.6,0.9,155,68,9.5,4.2,203,79,12.4,4.9,469,109,28.6,6.1,233,80,14.2,4.9,188,57,11.5,3.5,179,72,10.9,4.2,47,31,2.9,1.9,156,64,9.5,3.9,1640,95,1640,(X),25,22,1.5,1.4,0,12,0.0,2.0,0,12,0.0,2.0,195,75,11.9,4.3,286,79,17.4,4.7,422,106,25.7,6.4,336,99,20.5,6.1,179,65,10.9,3.9,197,69,12.0,4.2,6.2,0.3,(X),(X),1640,95,1640,(X),25,22,1.5,1.4,0,12,0.0,2.0,367,92,22.4,5.4,847,126,51.6,6.8,354,85,21.6,5.3,47,37,2.9,2.2,1580,79,1580,(X),1349,102,85.4,4.7,231,75,14.6,4.7,2.78,0.16,(X),(X),2.49,0.62,(X),(X),1580,79,1580,(X),22,34,1.4,2.2,216,74,13.7,4.5,438,94,27.7,5.7,320,83,20.3,5.6,330,95,20.9,5.9,254,78,16.1,4.7,1580,79,1580,(X),42,29,2.7,1.8,358,82,22.7,4.8,592,112,37.5,6.9,588,98,37.2,6.3,1580,79,1580,(X),23,21,1.5,1.3,55,42,3.5,2.6,166,76,10.5,4.7,1168,96,73.9,5.8,0,12,0.0,2.0,112,50,7.1,3.1,0,12,0.0,2.0,56,33,3.5,2.1,0,12,0.0,2.0,1580,79,1580,(X),0,12,0.0,2.0,9,14,0.6,0.9,0,12,0.0,2.0,1580,79,1580,(X),1554,84,98.4,1.6,9,14,0.6,0.9,17,19,1.1,1.2,1349,102,1349,(X),82,36,6.1,2.6,14,15,1.0,1.1,127,53,9.4,3.7,281,80,20.8,5.7,579,103,42.9,7.2,248,80,18.4,6.0,18,16,1.3,1.2,0,12,0.0,2.4,226400,13159,(X),(X),1349,102,1349,(X),869,108,64.4,6.8,480,101,35.6,6.8,869,108,869,(X),0,12,0.0,3.7,102,53,11.7,5.8,195,70,22.4,7.6,307,84,35.3,9.4,176,63,20.3,7.0,74,53,8.5,5.9,15,16,1.7,1.9,1691,101,(X),(X),480,101,480,(X),12,14,2.5,2.9,31,26,6.5,4.9,228,64,47.5,10.8,150,65,31.3,10.6,42,28,8.8,5.8,17,21,3.5,4.1,581,29,(X),(X),869,108,869,(X),372,84,42.8,9.1,233,68,26.8,6.8,61,37,7.0,4.2,17,19,2.0,2.2,186,69,21.4,7.1,0,12,(X),(X),480,101,480,(X),186,65,38.8,10.2,111,55,23.1,11.0,48,45,10.0,8.7,35,25,7.3,5.1,17,16,3.5,3.2,30,24,6.3,4.8,53,32,11.0,6.9,0,12,(X),(X),204,66,204,(X),7,11,3.4,5.3,75,53,36.8,23.2,113,60,55.4,24.0,9,14,4.4,6.8,0,12,0.0,14.7,0,12,0.0,14.7,0,12,0.0,14.7,1078,189,(X),(X),27,30,(X),(X),204,66,204,(X),26,31,12.7,15.4,20,31,9.8,15.4,53,48,26.0,21.4,12,18,5.9,9.4,51,43,25.0,18.8,42,33,20.6,16.2,27,30,(X),(X)
0600000US0901144210,0901144210,"Lyme town, New London County, Connecticut",1203,55,1203,(X),1077,64,89.5,4.8,126,59,10.5,4.8,0.0,3.6,(X),(X),0.0,15.1,(X),(X),1203,55,1203,(X),1169,62,97.2,2.5,3,6,0.2,0.5,21,26,1.7,2.2,0,12,0.0,2.7,10,14,0.8,1.2,0,12,0.0,2.7,0,12,0.0,2.7,0,12,0.0,2.7,0,12,0.0,2.7,1203,55,1203,(X),0,12,0.0,2.7,9,11,0.7,0.9,159,65,13.2,5.1,117,54,9.7,4.5,154,48,12.8,3.9,130,43,10.8,3.5,101,49,8.4,3.9,126,37,10.5,3.1,66,30,5.5,2.6,341,66,28.3,5.8,1203,55,1203,(X),17,27,1.4,2.2,33,34,2.7,2.8,20,18,1.7,1.5,87,44,7.2,3.6,131,50,10.9,4.0,254,70,21.1,5.7,140,38,11.6,3.1,170,50,14.1,4.1,351,69,29.2,5.9,6.9,0.6,(X),(X),1203,55,1203,(X),17,27,1.4,2.2,47,37,3.9,3.1,275,63,22.9,5.4,503,77,41.8,5.5,276,62,22.9,5.2,85,41,7.1,3.5,1077,64,1077,(X),879,78,81.6,5.9,198,65,18.4,5.9,2.26,0.12,(X),(X),2.32,0.43,(X),(X),1077,64,1077,(X),6,9,0.6,0.8,148,52,13.7,4.9,470,64,43.6,5.2,185,47,17.2,4.4,120,46,11.1,4.2,148,45,13.7,4.1,1077,64,1077,(X),30,31,2.8,2.9,210,53,19.5,4.6,513,69,47.6,6.4,324,60,30.1,5.3,1077,64,1077,(X),10,14,0.9,1.3,121,52,11.2,4.8,67,32,6.2,3.0,724,93,67.2,7.6,0,12,0.0,3.0,82,32,7.6,2.9,5,7,0.5,0.7,41,35,3.8,3.3,27,30,2.5,2.8,1077,64,1077,(X),0,12,0.0,3.0,0,12,0.0,3.0,0,12,0.0,3.0,1077,64,1077,(X),1064,67,98.8,1.6,13,17,1.2,1.6,0,12,0.0,3.0,879,78,879,(X),6,8,0.7,0.9,0,12,0.0,3.6,0,12,0.0,3.6,40,33,4.6,3.8,133,48,15.1,4.9,288,50,32.8,5.7,208,46,23.7,5.2,204,56,23.2,5.6,477600,51158,(X),(X),879,78,879,(X),497,78,56.5,6.8,382,66,43.5,6.8,497,78,497,(X),0,12,0.0,6.3,6,8,1.2,1.6,58,29,11.7,6.0,71,31,14.3,5.6,110,34,22.1,6.9,71,25,14.3,5.5,181,66,36.4,10.1,2525,281,(X),(X),382,66,382,(X),0,12,0.0,8.2,6,9,1.6,2.4,113,45,29.6,10.0,106,40,27.7,8.7,42,20,11.0,5.1,115,38,30.1,9.5,700,102,(X),(X),497,78,497,(X),191,48,38.4,9.5,54,25,10.9,4.8,25,16,5.0,3.3,51,27,10.3,5.6,176,59,35.4,8.8,0,12,(X),(X),382,66,382,(X),89,26,23.3,6.8,89,37,23.3,8.8,57,41,14.9,9.6,48,33,12.6,8.3,8,9,2.1,2.4,24,17,6.3,4.5,67,23,17.5,5.9,0,12,(X),(X),198,65,198,(X),0,12,0.0,15.1,10,16,5.1,7.8,62,40,31.3,17.1,75,46,37.9,19.4,43,33,21.7,15.8,8,11,4.0,5.3,0,12,0.0,15.1,1680,196,(X),(X),0,12,(X),(X),198,65,198,(X),8,11,4.0,5.3,20,29,10.1,13.6,38,29,19.2,14.3,0,12,0.0,15.1,17,27,8.6,13.9,115,52,58.1,20.1,0,12,(X),(X)
0600000US0901148900,0901148900,"Montville town, New London County, Connecticut",7589,350,7589,(X),6868,335,90.5,2.6,721,208,9.5,2.6,4.1,2.1,(X),(X),4.4,6.0,(X),(X),7589,350,7589,(X),5929,341,78.1,3.2,91,57,1.2,0.7,257,97,3.4,1.3,419,144,5.5,1.8,221,101,2.9,1.3,118,69,1.6,0.9,99,47,1.3,0.6,455,139,6.0,1.8,0,19,0.0,0.4,7589,350,7589,(X),0,19,0.0,0.4,48,42,0.6,0.6,693,184,9.1,2.3,805,190,10.6,2.4,1128,228,14.9,3.1,1066,229,14.0,2.8,1899,237,25.0,3.0,915,201,12.1,2.7,327,125,4.3,1.6,708,160,9.3,2.0,7589,350,7589,(X),72,85,0.9,1.1,87,55,1.1,0.7,413,155,5.4,2.0,995,239,13.1,3.0,1608,254,21.2,3.4,1847,331,24.3,4.2,1374,289,18.1,3.6,528,146,7.0,1.9,665,181,8.8,2.5,5.8,0.2,(X),(X),7589,350,7589,(X),72,85,0.9,1.1,475,135,6.3,1.7,1963,248,25.9,2.8,3228,316,42.5,3.9,1606,254,21.2,3.3,245,102,3.2,1.3,6868,335,6868,(X),5632,270,82.0,3.2,1236,254,18.0,3.2,2.76,0.13,(X),(X),1.94,0.17,(X),(X),6868,335,6868,(X),20,18,0.3,0.3,1299,245,18.9,3.2,2296,293,33.4,4.1,1373,217,20.0,3.2,888,181,12.9,2.5,992,169,14.4,2.4,6868,335,6868,(X),245,122,3.6,1.7,1943,277,28.3,3.5,2666,340,38.8,4.3,2014,264,29.3,4.3,6868,335,6868,(X),1296,193,18.9,2.8,351,97,5.1,1.4,1056,238,15.4,3.1,3854,309,56.1,3.8,0,19,0.0,0.5,247,107,3.6,1.6,0,19,0.0,0.5,46,42,0.7,0.6,18,29,0.3,0.4,6868,335,6868,(X),0,19,0.0,0.5,18,26,0.3,0.4,68,44,1.0,0.6,6868,335,6868,(X),6803,337,99.1,0.7,58,45,0.8,0.7,7,14,0.1,0.2,5632,270,5632,(X),347,123,6.2,2.2,195,99,3.5,1.7,631,166,11.2,3.0,1766,279,31.4,4.5,1851,267,32.9,4.7,656,165,11.6,2.8,142,96,2.5,1.7,44,38,0.8,0.7,196500,7682,(X),(X),5632,270,5632,(X),4019,292,71.4,4.0,1613,240,28.6,4.0,4019,292,4019,(X),25,28,0.6,0.7,416,151,10.4,3.5,1266,236,31.5,5.3,1196,235,29.8,5.6,662,196,16.5,4.8,268,89,6.7,2.3,186,87,4.6,2.1,1647,122,(X),(X),1613,240,1613,(X),29,33,1.8,2.0,78,50,4.8,3.0,471,135,29.2,7.4,567,167,35.2,7.8,209,87,13.0,4.9,259,101,16.1,6.2,655,28,(X),(X),4019,292,4019,(X),1571,281,39.1,6.0,784,210,19.5,5.1,426,152,10.6,3.7,424,151,10.5,3.6,814,187,20.3,4.6,0,19,(X),(X),1593,243,1593,(X),491,152,30.8,7.9,356,93,22.3,5.8,230,94,14.4,5.3,73,46,4.6,2.8,58,44,3.6,2.7,93,57,5.8,3.6,292,129,18.3,7.2,20,25,(X),(X),1133,246,1133,(X),23,27,2.0,2.4,506,162,44.7,10.9,416,145,36.7,11.3,173,119,15.3,9.6,15,36,1.3,3.2,0,19,0.0,2.8,0,19,0.0,2.8,1035,95,(X),(X),103,69,(X),(X),1133,246,1133,(X),84,55,7.4,4.9,154,77,13.6,6.6,107,65,9.4,5.8,174,85,15.4,6.7,133,72,11.7,5.9,481,181,42.5,11.1,103,69,(X),(X)
0600000US0901152350,0901152350,"New London town, New London County, Connecticut",12254,559,12254,(X),10770,480,87.9,2.4,1484,327,12.1,2.4,2.0,2.0,(X),(X),6.3,1.9,(X),(X),12254,559,12254,(X),3855,367,31.5,2.9,486,194,4.0,1.6,1751,246,14.3,2.0,1866,319,15.2,2.3,1516,318,12.4,2.4,718,174,5.9,1.4,2028,290,16.5,2.2,0,22,0.0,0.3,34,52,0.3,0.4,12254,559,12254,(X),0,22,0.0,0.3,121,95,1.0,0.8,300,103,2.4,0.9,276,127,2.3,1.0,755,213,6.2,1.6,1260,220,10.3,1.8,1391,256,11.4,2.0,1108,276,9.0,2.2,700,172,5.7,1.4,6343,441,51.8,2.9,12254,559,12254,(X),459,155,3.7,1.2,853,221,7.0,1.7,2110,286,17.2,2.3,2416,431,19.7,3.2,2610,329,21.3,2.5,1435,237,11.7,2.1,1226,240,10.0,2.0,489,144,4.0,1.2,656,161,5.4,1.3,4.6,0.2,(X),(X),12254,559,12254,(X),558,153,4.6,1.2,3207,380,26.2,2.6,3982,446,32.5,3.2,3130,330,25.5,2.7,944,190,7.7,1.6,433,159,3.5,1.3,10770,480,10770,(X),3786,355,35.2,3.0,6984,465,64.8,3.0,2.37,0.14,(X),(X),2.05,0.11,(X),(X),10770,480,10770,(X),410,156,3.8,1.4,4741,369,44.0,3.4,3166,375,29.4,3.0,1254,222,11.6,2.0,507,151,4.7,1.4,692,138,6.4,1.2,10770,480,10770,(X),2188,351,20.3,2.9,4741,394,44.0,3.3,2773,343,25.7,3.0,1068,223,9.9,2.1,10770,480,10770,(X),4310,405,40.0,3.6,130,73,1.2,0.7,3125,371,29.0,2.8,3134,395,29.1,3.5,0,22,0.0,0.3,12,19,0.1,0.2,0,22,0.0,0.3,42,38,0.4,0.4,17,26,0.2,0.2,10770,480,10770,(X),35,41,0.3,0.4,45,44,0.4,0.4,210,93,1.9,0.9,10770,480,10770,(X),10458,507,97.1,1.1,263,115,2.4,1.1,49,40,0.5,0.4,3786,355,3786,(X),100,60,2.6,1.6,228,73,6.0,1.9,736,185,19.4,4.4,1259,221,33.3,5.4,1063,209,28.1,4.8,161,75,4.3,1.9,226,138,6.0,3.5,13,14,0.3,0.4,185400,5339,(X),(X),3786,355,3786,(X),2662,328,70.3,5.7,1124,240,29.7,5.7,2662,328,2662,(X),33,35,1.2,1.3,402,158,15.1,5.2,739,169,27.8,5.8,906,192,34.0,6.2,280,99,10.5,3.4,191,82,7.2,3.1,111,91,4.2,3.3,1581,75,(X),(X),1124,240,1124,(X),14,16,1.2,1.4,60,52,5.3,4.8,204,109,18.1,8.2,491,148,43.7,10.3,200,109,17.8,8.2,155,67,13.8,5.5,699,46,(X),(X),2588,312,2588,(X),774,184,29.9,6.0,263,99,10.2,3.7,334,115,12.9,4.5,338,118,13.1,4.2,879,197,34.0,5.9,74,105,(X),(X),1124,240,1124,(X),228,98,20.3,8.0,334,142,29.7,9.1,239,111,21.3,8.6,67,42,6.0,3.6,59,41,5.2,3.7,35,32,3.1,2.8,162,87,14.4,7.7,0,22,(X),(X),6747,455,6747,(X),1164,232,17.3,3.2,3129,400,46.4,4.4,2066,305,30.6,4.6,345,131,5.1,1.9,43,52,0.6,0.8,0,22,0.0,0.5,0,22,0.0,0.5,879,31,(X),(X),237,117,(X),(X),6478,486,6478,(X),430,113,6.6,1.8,820,186,12.7,2.6,590,160,9.1,2.6,606,144,9.4,2.2,694,197,10.7,3.0,3338,437,51.5,4.6,506,197,(X),(X)
0600000US0901155500,0901155500,"North Stonington town, New London County, Connecticut",2222,176,2222,(X),1955,125,88.0,4.7,267,119,12.0,4.7,4.5,3.5,(X),(X),0.0,8.9,(X),(X),2222,176,2222,(X),2045,209,92.0,4.1,38,60,1.7,2.8,14,22,0.6,1.0,35,35,1.6,1.6,0,17,0.0,1.4,9,14,0.4,0.7,0,17,0.0,1.4,81,63,3.6,2.8,0,17,0.0,1.4,2222,176,2222,(X),0,17,0.0,1.4,27,43,1.2,1.9,193,86,8.7,3.9,206,86,9.3,3.9,328,111,14.8,4.7,346,120,15.6,5.3,385,106,17.3,5.0,243,107,10.9,4.6,82,72,3.7,3.2,412,123,18.5,5.2,2222,176,2222,(X),0,17,0.0,1.4,17,28,0.8,1.3,150,100,6.8,4.3,172,93,7.7,4.2,341,144,15.3,6.3,468,156,21.1,6.7,355,109,16.0,4.9,361,119,16.2,5.3,358,137,16.1,6.2,6.4,0.4,(X),(X),2222,176,2222,(X),0,17,0.0,1.4,150,99,6.8,4.2,485,148,21.8,6.5,1013,175,45.6,7.4,453,153,20.4,6.8,121,86,5.4,3.8,1955,125,1955,(X),1605,152,82.1,5.2,350,100,17.9,5.2,2.62,0.17,(X),(X),3.03,0.74,(X),(X),1955,125,1955,(X),13,20,0.7,1.0,254,126,13.0,6.6,629,129,32.2,6.3,451,146,23.1,7.1,297,117,15.2,5.9,311,117,15.9,5.8,1955,125,1955,(X),42,40,2.1,2.0,452,166,23.1,7.7,738,147,37.7,7.6,723,132,37.0,6.9,1955,125,1955,(X),0,17,0.0,1.6,182,93,9.3,4.5,132,84,6.8,4.5,1433,172,73.3,6.8,23,35,1.2,1.8,171,104,8.7,5.3,0,17,0.0,1.6,14,22,0.7,1.1,0,17,0.0,1.6,1955,125,1955,(X),1,3,0.1,0.1,0,17,0.0,1.6,27,29,1.4,1.5,1955,125,1955,(X),1955,125,100.0,1.6,0,17,0.0,1.6,0,17,0.0,1.6,1605,152,1605,(X),35,36,2.2,2.2,22,35,1.4,2.2,63,54,3.9,3.4,164,68,10.2,4.2,563,142,35.1,8.5,554,138,34.5,7.7,138,81,8.6,4.9,66,55,4.1,3.4,292800,20735,(X),(X),1605,152,1605,(X),1055,181,65.7,9.1,550,152,34.3,9.1,1055,181,1055,(X),0,17,0.0,3.0,36,39,3.4,3.6,178,81,16.9,7.3,332,125,31.5,10.1,268,106,25.4,8.8,153,77,14.5,7.0,88,59,8.3,5.5,1971,170,(X),(X),550,152,550,(X),12,17,2.2,3.2,17,27,3.1,5.2,165,93,30.0,13.8,156,76,28.4,12.4,170,83,30.9,11.6,30,32,5.5,5.7,687,84,(X),(X),1055,181,1055,(X),332,112,31.5,8.7,157,83,14.9,7.5,142,78,13.5,7.3,112,62,10.6,5.9,312,128,29.6,10.4,0,17,(X),(X),541,152,541,(X),189,93,34.9,13.1,149,85,27.5,13.3,91,63,16.8,11.2,31,34,5.7,6.5,10,18,1.8,3.1,22,38,4.1,6.7,49,37,9.1,7.1,9,15,(X),(X),256,100,256,(X),0,17,0.0,11.9,103,72,40.2,26.8,53,48,20.7,19.3,74,75,28.9,24.9,0,17,0.0,11.9,7,11,2.7,4.4,19,26,7.4,9.8,1118,439,(X),(X),94,90,(X),(X),256,100,256,(X),13,21,5.1,8.1,7,11,2.7,4.4,61,58,23.8,24.3,48,51,18.8,18.8,19,26,7.4,9.8,108,81,42.2,24.9,94,90,(X),(X)
0600000US0901156270,0901156270,"Norwich town, New London County, Connecticut",18310,620,18310,(X),16080,521,87.8,1.9,2230,383,12.2,1.9,5.1,2.1,(X),(X),5.2,2.1,(X),(X),18310,620,18310,(X),7678,507,41.9,2.4,1158,293,6.3,1.5,2275,381,12.4,2.0,2427,352,13.3,1.9,1585,281,8.7,1.5,1106,260,6.0,1.4,1370,212,7.5,1.1,711,142,3.9,0.8,0,25,0.0,0.2,18310,620,18310,(X),0,25,0.0,0.2,68,51,0.4,0.3,1182,240,6.5,1.3,939,215,5.1,1.2,2018,322,11.0,1.8,2205,354,12.0,1.9,1401,227,7.7,1.2,2388,331,13.0,1.7,989,240,5.4,1.3,7120,508,38.9,2.3,18310,620,18310,(X),408,163,2.2,0.9,662,181,3.6,1.0,2281,366,12.5,1.9,4006,425,21.9,2.3,3428,441,18.7,2.3,3259,378,17.8,1.9,1870,304,10.2,1.7,1140,255,6.2,1.4,1256,244,6.9,1.3,5.0,0.2,(X),(X),18310,620,18310,(X),522,185,2.9,1.0,2913,394,15.9,2.0,5958,521,32.5,2.7,6095,550,33.3,2.7,2350,329,12.8,1.8,472,122,2.6,0.7,16080,521,16080,(X),8473,459,52.7,2.3,7607,458,47.3,2.3,2.65,0.11,(X),(X),2.28,0.13,(X),(X),16080,521,16080,(X),242,142,1.5,0.9,5064,521,31.5,3.2,6326,578,39.3,3.2,2140,299,13.3,1.8,890,170,5.5,1.0,1418,201,8.8,1.3,16080,521,16080,(X),1920,309,11.9,1.9,6454,608,40.1,3.3,5800,496,36.1,3.1,1906,282,11.9,1.8,16080,521,16080,(X),5337,446,33.2,2.5,512,144,3.2,0.9,3539,394,22.0,2.3,6336,457,39.4,2.5,0,25,0.0,0.2,224,93,1.4,0.6,9,14,0.1,0.1,70,31,0.4,0.2,53,51,0.3,0.3,16080,521,16080,(X),145,98,0.9,0.6,128,86,0.8,0.5,251,104,1.6,0.6,16080,521,16080,(X),15685,591,97.5,1.0,223,112,1.4,0.7,172,103,1.1,0.6,8473,459,8473,(X),711,154,8.4,1.8,613,154,7.2,1.8,1491,279,17.6,3.1,2755,379,32.5,3.7,2161,277,25.5,3.3,533,121,6.3,1.4,173,88,2.0,1.1,36,31,0.4,0.4,176400,5429,(X),(X),8473,459,8473,(X),5759,391,68.0,2.8,2714,284,32.0,2.8,5759,391,5759,(X),24,24,0.4,0.4,493,173,8.6,2.9,1532,234,26.6,3.6,2125,340,36.9,5.1,932,162,16.2,2.7,318,117,5.5,2.0,335,109,5.8,1.9,1679,49,(X),(X),2714,284,2714,(X),39,40,1.4,1.4,86,54,3.2,2.0,709,186,26.1,5.8,1145,185,42.2,6.0,396,111,14.6,4.1,339,126,12.5,4.4,711,24,(X),(X),5722,385,5722,(X),1715,276,30.0,4.2,1098,196,19.2,3.4,859,211,15.0,3.5,489,156,8.5,2.8,1561,274,27.3,4.1,37,44,(X),(X),2705,281,2705,(X),615,173,22.7,6.0,575,158,21.3,5.5,413,147,15.3,4.9,343,87,12.7,3.1,196,74,7.2,2.8,74,60,2.7,2.2,489,162,18.1,5.6,9,14,(X),(X),7410,441,7410,(X),1109,213,15.0,2.6,3033,348,40.9,4.3,2837,325,38.3,3.7,392,121,5.3,1.6,39,39,0.5,0.5,0,25,0.0,0.4,0,25,0.0,0.4,941,33,(X),(X),197,84,(X),(X),7369,449,7369,(X),626,189,8.5,2.7,804,205,10.9,2.7,1139,243,15.5,3.2,1047,256,14.2,3.2,844,228,11.5,3.0,2909,318,39.5,3.3,238,95,(X),(X)
0600000US0901157040,0901157040,"Old Lyme town, New London County, Connecticut",4953,214,4953,(X),3145,145,63.5,2.7,1808,182,36.5,2.7,2.5,2.2,(X),(X),17.8,12.1,(X),(X),4953,214,4953,(X),4491,236,90.7,3.2,37,29,0.7,0.6,190,107,3.8,2.1,141,78,2.8,1.5,27,19,0.5,0.4,42,45,0.8,0.9,0,17,0.0,0.7,25,40,0.5,0.8,0,17,0.0,0.7,4953,214,4953,(X),0,17,0.0,0.7,16,19,0.3,0.4,196,73,4.0,1.4,392,101,7.9,2.0,552,123,11.1,2.5,717,143,14.5,3.1,537,120,10.8,2.3,712,163,14.4,3.2,666,172,13.4,3.3,1165,199,23.5,3.9,4953,214,4953,(X),34,42,0.7,0.9,44,30,0.9,0.6,217,97,4.4,1.9,818,166,16.5,3.4,928,183,18.7,3.6,944,207,19.1,4.1,836,158,16.9,3.2,492,120,9.9,2.4,640,126,12.9,2.3,6.0,0.2,(X),(X),4953,214,4953,(X),34,42,0.7,0.9,215,86,4.3,1.7,1482,210,29.9,4.0,1971,214,39.8,4.3,1119,181,22.6,3.4,132,67,2.7,1.3,3145,145,3145,(X),2563,146,81.5,3.3,582,111,18.5,3.3,2.52,0.13,(X),(X),1.87,0.25,(X),(X),3145,145,3145,(X),18,29,0.6,0.9,643,132,20.4,4.2,1050,138,33.4,4.2,617,121,19.6,3.7,378,97,12.0,2.9,439,92,14.0,2.8,3145,145,3145,(X),42,34,1.3,1.1,824,121,26.2,3.4,1523,147,48.4,4.3,756,114,24.0,3.6,3145,145,3145,(X),54,36,1.7,1.1,365,89,11.6,2.9,561,129,17.8,3.9,1975,181,62.8,4.8,0,17,0.0,1.0,127,62,4.0,1.9,0,17,0.0,1.0,32,26,1.0,0.8,31,39,1.0,1.2,3145,145,3145,(X),0,17,0.0,1.0,0,17,0.0,1.0,8,13,0.3,0.4,3145,145,3145,(X),3131,150,99.6,0.6,14,17,0.4,0.6,0,17,0.0,1.0,2563,146,2563,(X),49,35,1.9,1.3,0,17,0.0,1.3,46,33,1.8,1.3,165,76,6.4,2.9,472,88,18.4,3.2,983,132,38.4,4.7,738,122,28.8,4.7,110,62,4.3,2.4,399700,26054,(X),(X),2563,146,2563,(X),1608,129,62.7,4.8,955,150,37.3,4.8,1608,129,1608,(X),10,17,0.6,1.0,84,46,5.2,2.8,225,87,14.0,5.2,381,109,23.7,5.9,301,80,18.7,4.9,196,76,12.2,4.7,411,92,25.6,5.8,2173,172,(X),(X),955,150,955,(X),14,21,1.5,2.1,11,17,1.2,1.8,184,77,19.3,7.4,310,109,32.5,9.6,157,52,16.4,5.8,279,88,29.2,8.1,781,44,(X),(X),1604,130,1604,(X),614,107,38.3,6.0,320,96,20.0,5.8,127,58,7.9,3.6,117,66,7.3,4.0,426,96,26.6,5.3,4,7,(X),(X),955,150,955,(X),408,120,42.7,9.6,194,77,20.3,7.6,106,48,11.1,4.6,70,35,7.3,3.5,24,40,2.5,4.1,38,37,4.0,3.9,115,47,12.0,5.1,0,17,(X),(X),527,114,527,(X),18,20,3.4,3.8,156,69,29.6,12.2,217,94,41.2,14.0,87,46,16.5,8.1,14,16,2.7,3.0,27,25,5.1,4.8,8,12,1.5,2.2,1246,166,(X),(X),55,37,(X),(X),527,114,527,(X),65,43,12.3,8.4,56,55,10.6,10.3,67,44,12.7,8.0,48,52,9.1,9.5,92,68,17.5,12.1,199,91,37.8,16.3,55,37,(X),(X)
0600000US0901162150,0901162150,"Preston town, New London County, Connecticut",2042,117,2042,(X),1935,109,94.8,3.3,107,69,5.2,3.3,0.0,2.0,(X),(X),15.5,13.4,(X),(X),2042,117,2042,(X),1908,129,93.4,3.0,9,13,0.4,0.6,35,51,1.7,2.5,27,23,1.3,1.1,45,48,2.2,2.3,0,12,0.0,1.6,9,15,0.4,0.7,9,13,0.4,0.7,0,12,0.0,1.6,2042,117,2042,(X),0,12,0.0,1.6,0,12,0.0,1.6,219,87,10.7,4.2,163,63,8.0,3.2,281,97,13.8,4.5,478,109,23.4,5.4,338,108,16.6,5.2,255,85,12.5,4.1,49,29,2.4,1.4,259,84,12.7,4.0,2042,117,2042,(X),9,15,0.4,0.7,28,19,1.4,0.9,67,55,3.3,2.7,144,73,7.1,3.5,368,98,18.0,4.7,482,107,23.6,5.6,354,97,17.3,4.6,198,74,9.7,3.6,392,95,19.2,4.5,6.3,0.3,(X),(X),2042,117,2042,(X),9,15,0.4,0.7,126,59,6.2,2.8,312,100,15.3,4.8,1089,122,53.3,5.9,409,99,20.0,4.6,97,63,4.8,3.1,1935,109,1935,(X),1598,141,82.6,5.3,337,103,17.4,5.3,2.43,0.14,(X),(X),2.47,0.58,(X),(X),1935,109,1935,(X),8,12,0.4,0.6,335,79,17.3,4.5,537,104,27.8,5.3,339,100,17.5,4.9,268,93,13.9,4.6,448,97,23.2,4.6,1935,109,1935,(X),101,64,5.2,3.2,456,105,23.6,4.9,810,137,41.9,7.2,568,125,29.4,6.4,1935,109,1935,(X),5,9,0.3,0.5,80,42,4.1,2.2,195,59,10.1,3.0,1445,135,74.7,5.1,0,12,0.0,1.7,202,80,10.4,4.2,0,12,0.0,1.7,8,13,0.4,0.7,0,12,0.0,1.7,1935,109,1935,(X),9,15,0.5,0.8,20,23,1.0,1.2,13,21,0.7,1.1,1935,109,1935,(X),1919,109,99.2,1.4,16,26,0.8,1.4,0,12,0.0,1.7,1598,141,1598,(X),14,17,0.9,1.1,41,33,2.6,2.0,170,63,10.6,3.8,281,83,17.6,4.9,520,105,32.5,6.1,544,125,34.0,7.1,28,25,1.8,1.5,0,12,0.0,2.0,244400,17154,(X),(X),1598,141,1598,(X),1085,117,67.9,5.8,513,113,32.1,5.8,1085,117,1085,(X),0,12,0.0,2.9,83,49,7.6,4.4,265,101,24.4,8.2,413,109,38.1,9.4,172,96,15.9,9.0,84,45,7.7,4.2,68,40,6.3,3.6,1703,118,(X),(X),513,113,513,(X),0,12,0.0,6.1,54,33,10.5,6.1,211,67,41.1,10.5,124,56,24.2,9.5,83,49,16.2,8.9,41,31,8.0,5.4,593,62,(X),(X),1077,117,1077,(X),457,106,42.4,9.5,187,78,17.4,6.9,137,61,12.7,5.4,137,77,12.7,6.9,159,70,14.8,6.2,8,12,(X),(X),493,110,493,(X),139,54,28.2,9.3,128,52,26.0,9.5,91,42,18.5,7.3,49,32,9.9,6.3,10,15,2.0,3.0,26,25,5.3,4.7,50,31,10.1,5.7,20,24,(X),(X),319,104,319,(X),46,30,14.4,10.6,79,66,24.8,18.6,109,80,34.2,22.0,13,20,4.1,6.3,45,49,14.1,15.0,27,40,8.5,12.3,0,12,0.0,9.7,1151,255,(X),(X),18,20,(X),(X),311,103,311,(X),44,46,14.1,14.1,7,13,2.3,4.2,27,40,8.7,12.4,8,13,2.6,4.5,11,17,3.5,5.6,214,86,68.8,17.0,26,24,(X),(X)
0600000US0901166210,0901166210,"Salem town, New London County, Connecticut",1672,99,1672,(X),1506,92,90.1,3.5,166,62,9.9,3.5,0.0,2.3,(X),(X),18.6,19.3,(X),(X),1672,99,1672,(X),1565,100,93.6,3.2,17,19,1.0,1.2,0,12,0.0,1.9,0,12,0.0,1.9,32,28,1.9,1.7,47,48,2.8,2.8,0,12,0.0,1.9,11,16,0.7,1.0,0,12,0.0,1.9,1672,99,1672,(X),0,12,0.0,1.9,39,49,2.3,2.9,167,55,10.0,3.3,202,72,12.1,4.3,390,80,23.3,4.6,278,75,16.6,4.3,278,79,16.6,4.6,163,81,9.7,4.8,67,70,4.0,4.1,88,49,5.3,2.9,1672,99,1672,(X),40,46,2.4,2.7,0,12,0.0,1.9,73,55,4.4,3.3,99,64,5.9,3.9,188,71,11.2,4.1,353,90,21.1,5.1,291,82,17.4,4.9,312,93,18.7,5.6,316,65,18.9,3.9,6.8,0.3,(X),(X),1672,99,1672,(X),40,46,2.4,2.7,84,71,5.0,4.2,164,67,9.8,4.0,789,126,47.2,6.9,511,80,30.6,5.0,84,56,5.0,3.2,1506,92,1506,(X),1401,92,93.0,3.5,105,55,7.0,3.5,2.83,0.18,(X),(X),1.94,0.53,(X),(X),1506,92,1506,(X),11,16,0.7,1.1,221,66,14.7,4.6,554,113,36.8,6.7,249,82,16.5,5.3,278,75,18.5,4.9,193,63,12.8,4.0,1506,92,1506,(X),8,13,0.5,0.9,208,76,13.8,4.8,683,123,45.4,7.4,607,100,40.3,6.8,1506,92,1506,(X),0,12,0.0,2.1,120,43,8.0,2.8,223,79,14.8,5.1,952,122,63.2,7.0,32,40,2.1,2.7,163,57,10.8,3.7,0,12,0.0,2.1,16,19,1.1,1.2,0,12,0.0,2.1,1506,92,1506,(X),25,39,1.7,2.6,0,12,0.0,2.1,14,17,0.9,1.1,1506,92,1506,(X),1481,103,98.3,2.6,0,12,0.0,2.1,25,39,1.7,2.6,1401,92,1401,(X),14,11,1.0,0.8,72,40,5.1,2.8,41,32,2.9,2.2,189,69,13.5,4.8,607,106,43.3,6.4,397,81,28.3,6.2,81,42,5.8,3.0,0,12,0.0,2.3,270700,11634,(X),(X),1401,92,1401,(X),1080,109,77.1,6.1,321,89,22.9,6.1,1080,109,1080,(X),0,12,0.0,3.0,87,62,8.1,5.3,151,52,14.0,4.7,295,89,27.3,7.3,269,78,24.9,7.6,141,56,13.1,5.1,137,56,12.7,5.1,2013,186,(X),(X),321,89,321,(X),0,12,0.0,9.6,26,24,8.1,7.6,51,34,15.9,9.5,97,43,30.2,12.1,79,46,24.6,10.7,68,43,21.2,12.0,777,68,(X),(X),1080,109,1080,(X),428,112,39.6,9.5,170,62,15.7,6.1,104,52,9.6,4.7,95,45,8.8,4.1,283,95,26.2,8.0,0,12,(X),(X),321,89,321,(X),106,50,33.0,14.6,51,35,15.9,10.9,31,24,9.7,6.7,56,53,17.4,14.2,17,19,5.3,5.9,0,12,0.0,9.6,60,39,18.7,12.1,0,12,(X),(X),81,49,81,(X),10,15,12.3,19.2,0,12,0.0,31.8,35,29,43.2,28.9,36,33,44.4,28.3,0,12,0.0,31.8,0,12,0.0,31.8,0,12,0.0,31.8,1388,374,(X),(X),24,26,(X),(X),81,49,81,(X),26,28,32.1,31.0,0,12,0.0,31.8,0,12,0.0,31.8,11,16,13.6,19.3,12,18,14.8,21.9,32,32,39.5,32.3,24,26,(X),(X)
0600000US0901171670,0901171670,"Sprague town, New London County, Connecticut",1294,93,1294,(X),1209,86,93.4,2.9,85,40,6.6,2.9,1.3,2.1,(X),(X),2.4,3.8,(X),(X),1294,93,1294,(X),770,95,59.5,5.4,218,61,16.8,4.8,160,52,12.4,4.1,96,43,7.4,3.2,45,30,3.5,2.3,5,8,0.4,0.6,0,12,0.0,2.5,0,12,0.0,2.5,0,12,0.0,2.5,1294,93,1294,(X),0,12,0.0,2.5,23,29,1.8,2.3,78,25,6.0,1.9,85,30,6.6,2.3,170,56,13.1,4.3,69,41,5.3,3.2,145,73,11.2,5.5,118,44,9.1,3.2,32,20,2.5,1.6,574,99,44.4,7.2,1294,93,1294,(X),13,11,1.0,0.9,0,12,0.0,2.5,23,20,1.8,1.5,147,50,11.4,3.7,267,73,20.6,5.2,352,80,27.2,5.7,216,69,16.7,5.2,133,52,10.3,4.2,143,43,11.1,3.5,6.1,0.2,(X),(X),1294,93,1294,(X),13,11,1.0,0.9,43,32,3.3,2.4,317,90,24.5,6.1,691,87,53.4,6.2,168,50,13.0,4.1,62,33,4.8,2.7,1209,86,1209,(X),816,90,67.5,6.1,393,81,32.5,6.1,2.59,0.26,(X),(X),2.19,0.29,(X),(X),1209,86,1209,(X),14,15,1.2,1.3,234,75,19.4,6.0,378,81,31.3,5.9,201,48,16.6,4.0,148,56,12.2,4.6,234,66,19.4,5.4,1209,86,1209,(X),62,39,5.1,3.2,455,92,37.6,5.9,362,62,29.9,5.3,330,65,27.3,5.7,1209,86,1209,(X),23,24,1.9,2.0,48,30,4.0,2.5,129,51,10.7,4.1,913,90,75.5,5.3,0,12,0.0,2.6,96,40,7.9,3.3,0,12,0.0,2.6,0,12,0.0,2.6,0,12,0.0,2.6,1209,86,1209,(X),0,12,0.0,2.6,0,12,0.0,2.6,0,12,0.0,2.6,1209,86,1209,(X),1196,91,98.9,1.4,9,15,0.7,1.2,4,7,0.3,0.6,816,90,816,(X),6,8,0.7,1.0,19,14,2.3,1.8,133,50,16.3,6.0,210,59,25.7,7.1,267,76,32.7,7.8,141,45,17.3,5.7,37,26,4.5,3.1,3,6,0.4,0.7,215400,23337,(X),(X),816,90,816,(X),505,76,61.9,7.8,311,77,38.1,7.8,505,76,505,(X),0,12,0.0,6.2,60,31,11.9,6.1,95,40,18.8,6.8,191,58,37.8,9.0,92,28,18.2,5.8,25,15,5.0,3.0,42,27,8.3,5.3,1808,85,(X),(X),311,77,311,(X),6,8,1.9,2.8,53,65,17.0,18.5,84,32,27.0,13.0,59,26,19.0,7.7,58,34,18.6,10.2,51,30,16.4,9.1,634,103,(X),(X),505,76,505,(X),130,45,25.7,7.7,89,28,17.6,5.5,126,47,25.0,8.3,50,29,9.9,5.5,110,39,21.8,7.2,0,12,(X),(X),300,75,300,(X),94,69,31.3,18.1,65,30,21.7,9.9,65,27,21.7,10.4,30,23,10.0,7.8,5,7,1.7,2.4,27,24,9.0,7.5,14,13,4.7,4.9,11,15,(X),(X),341,67,341,(X),16,21,4.7,6.3,127,51,37.2,13.4,176,61,51.6,15.1,22,25,6.5,7.1,0,12,0.0,9.1,0,12,0.0,9.1,0,12,0.0,9.1,1077,128,(X),(X),52,51,(X),(X),341,67,341,(X),69,40,20.2,11.0,68,36,19.9,10.3,39,31,11.4,8.5,15,16,4.4,4.4,9,15,2.6,4.5,141,51,41.3,13.0,52,51,(X),(X)
0600000US0901173770,0901173770,"Stonington town, New London County, Connecticut",9281,317,9281,(X),7749,247,83.5,2.1,1532,219,16.5,2.1,4.7,2.2,(X),(X),4.9,3.6,(X),(X),9281,317,9281,(X),6349,283,68.4,2.3,227,68,2.4,0.7,767,164,8.3,1.7,885,183,9.5,2.0,289,110,3.1,1.2,102,46,1.1,0.5,393,82,4.2,0.9,246,60,2.7,0.6,23,37,0.2,0.4,9281,317,9281,(X),11,17,0.1,0.2,45,31,0.5,0.3,884,122,9.5,1.3,856,180,9.2,1.9,1297,171,14.0,1.7,961,173,10.4,1.8,885,142,9.5,1.5,1015,186,10.9,2.0,366,109,3.9,1.1,2961,220,31.9,2.2,9281,317,9281,(X),96,73,1.0,0.8,160,69,1.7,0.7,699,175,7.5,1.8,1300,227,14.0,2.3,1606,245,17.3,2.5,1869,254,20.1,2.7,1425,206,15.4,2.2,956,162,10.3,1.8,1170,156,12.6,1.7,5.9,0.2,(X),(X),9281,317,9281,(X),128,88,1.4,0.9,1021,188,11.0,1.9,2616,308,28.2,3.0,3702,278,39.9,2.7,1516,194,16.3,2.2,298,71,3.2,0.8,7749,247,7749,(X),5517,232,71.2,2.5,2232,220,28.8,2.5,2.51,0.09,(X),(X),1.94,0.14,(X),(X),7749,247,7749,(X),76,41,1.0,0.5,1666,213,21.5,2.6,2799,245,36.1,3.0,1458,188,18.8,2.4,757,131,9.8,1.6,993,117,12.8,1.5,7749,247,7749,(X),343,92,4.4,1.2,2668,238,34.4,2.8,3043,260,39.3,3.1,1695,188,21.9,2.4,7749,247,7749,(X),923,161,11.9,2.1,537,93,6.9,1.2,1185,174,15.3,2.1,4844,289,62.5,2.9,3,5,0.0,0.1,196,97,2.5,1.3,0,19,0.0,0.4,40,22,0.5,0.3,21,22,0.3,0.3,7749,247,7749,(X),31,39,0.4,0.5,34,30,0.4,0.4,150,61,1.9,0.8,7749,247,7749,(X),7719,248,99.6,0.3,16,18,0.2,0.2,14,16,0.2,0.2,5517,232,5517,(X),288,76,5.2,1.4,115,61,2.1,1.1,164,78,3.0,1.4,443,107,8.0,1.9,1473,180,26.7,2.8,1818,169,33.0,2.9,878,133,15.9,2.4,338,74,6.1,1.3,326600,14626,(X),(X),5517,232,5517,(X),3555,231,64.4,3.6,1962,225,35.6,3.6,3555,231,3555,(X),52,47,1.5,1.3,211,74,5.9,2.0,651,146,18.3,3.8,810,154,22.8,3.8,579,96,16.3,2.8,511,115,14.4,3.2,741,122,20.8,3.2,2046,122,(X),(X),1962,225,1962,(X),99,41,5.0,2.1,150,57,7.6,2.8,329,95,16.8,3.9,568,113,29.0,4.8,308,86,15.7,3.8,508,93,25.9,4.6,741,37,(X),(X),3545,235,3545,(X),1258,156,35.5,3.9,728,138,20.5,3.6,312,77,8.8,2.2,327,101,9.2,2.7,920,173,26.0,4.4,10,18,(X),(X),1935,223,1935,(X),665,125,34.4,5.1,356,101,18.4,4.8,266,86,13.7,4.0,125,50,6.5,2.6,111,42,5.7,2.1,61,32,3.2,1.7,351,93,18.1,4.3,27,24,(X),(X),2118,214,2118,(X),206,74,9.7,3.5,784,161,37.0,6.7,578,151,27.3,6.4,360,123,17.0,5.4,71,42,3.4,2.0,53,33,2.5,1.6,66,47,3.1,2.2,1049,92,(X),(X),114,42,(X),(X),2118,214,2118,(X),355,102,16.8,4.5,243,72,11.5,3.2,395,124,18.6,5.3,139,64,6.6,3.1,234,89,11.0,3.9,752,135,35.5,5.9,114,42,(X),(X)
0600000US0901178600,0901178600,"Voluntown town, New London County, Connecticut",1077,74,1077,(X),986,69,91.6,3.1,91,35,8.4,3.1,0.0,3.6,(X),(X),15.5,15.2,(X),(X),1077,74,1077,(X),997,72,92.6,2.6,17,20,1.6,1.8,38,24,3.5,2.2,11,16,1.0,1.5,9,7,0.8,0.6,0,12,0.0,3.0,5,7,0.5,0.6,0,12,0.0,3.0,0,12,0.0,3.0,1077,74,1077,(X),0,12,0.0,3.0,0,12,0.0,3.0,150,47,13.9,4.4,163,41,15.1,4.0,167,44,15.5,4.3,116,35,10.8,3.4,113,41,10.5,3.7,197,75,18.3,6.4,44,24,4.1,2.2,127,43,11.8,3.8,1077,74,1077,(X),5,7,0.5,0.7,23,14,2.1,1.3,86,37,8.0,3.3,119,47,11.0,4.2,211,49,19.6,4.4,240,59,22.3,5.4,213,67,19.8,5.9,87,43,8.1,4.1,93,31,8.6,3.1,5.9,0.3,(X),(X),1077,74,1077,(X),9,9,0.8,0.9,66,30,6.1,2.7,220,61,20.4,5.1,588,67,54.6,6.1,136,49,12.6,4.4,58,41,5.4,3.9,986,69,986,(X),877,64,88.9,4.2,109,43,11.1,4.2,2.78,0.19,(X),(X),1.50,0.26,(X),(X),986,69,986,(X),8,12,0.8,1.2,82,33,8.3,3.5,430,71,43.6,7.0,209,61,21.2,6.0,97,35,9.8,3.5,160,49,16.2,4.4,986,69,986,(X),7,7,0.7,0.7,205,56,20.8,5.3,385,70,39.0,6.4,389,59,39.5,6.1,986,69,986,(X),0,12,0.0,3.2,41,25,4.2,2.5,98,28,9.9,2.9,671,80,68.1,5.5,0,12,0.0,3.2,159,45,16.1,4.8,0,12,0.0,3.2,13,10,1.3,1.0,4,6,0.4,0.6,986,69,986,(X),8,9,0.8,0.9,4,7,0.4,0.7,12,11,1.2,1.1,986,69,986,(X),982,71,99.6,0.7,0,12,0.0,3.2,4,7,0.4,0.7,877,64,877,(X),14,13,1.6,1.5,24,30,2.7,3.4,81,34,9.2,3.8,185,51,21.1,5.6,405,69,46.2,6.4,134,45,15.3,5.5,31,24,3.5,2.7,3,5,0.3,0.6,229000,11750,(X),(X),877,64,877,(X),639,60,72.9,4.9,238,48,27.1,4.9,639,60,639,(X),0,12,0.0,5.0,39,30,6.1,4.4,164,37,25.7,5.9,202,45,31.6,6.5,144,43,22.5,6.4,61,35,9.5,5.5,29,22,4.5,3.4,1754,124,(X),(X),238,48,238,(X),0,12,0.0,12.7,28,21,11.8,8.4,87,31,36.6,11.2,74,33,31.1,12.3,26,17,10.9,6.9,23,21,9.7,8.6,610,62,(X),(X),639,60,639,(X),203,46,31.8,6.7,113,40,17.7,6.0,131,51,20.5,7.6,76,31,11.9,4.9,116,39,18.2,5.8,0,12,(X),(X),232,48,232,(X),68,28,29.3,11.4,46,23,19.8,9.5,35,20,15.1,7.9,4,6,1.7,2.5,8,7,3.4,3.3,31,25,13.4,9.9,40,28,17.2,11.4,6,9,(X),(X),75,34,75,(X),14,9,18.7,14.7,20,12,26.7,16.0,17,19,22.7,23.8,24,23,32.0,24.0,0,12,0.0,33.5,0,12,0.0,33.5,0,12,0.0,33.5,1051,306,(X),(X),34,26,(X),(X),70,34,70,(X),4,5,5.7,8.2,8,8,11.4,11.4,17,20,24.3,25.6,8,8,11.4,11.8,11,12,15.7,17.7,22,21,31.4,26.7,39,26,(X),(X)
0600000US0901180280,0901180280,"Waterford town, New London County, Connecticut",8728,252,8728,(X),7839,255,89.8,2.3,889,211,10.2,2.3,2.2,1.7,(X),(X),8.1,7.3,(X),(X),8728,252,8728,(X),7612,247,87.2,1.8,260,89,3.0,1.0,167,89,1.9,1.0,70,40,0.8,0.5,263,114,3.0,1.3,65,55,0.7,0.6,192,67,2.2,0.8,84,49,1.0,0.6,15,26,0.2,0.3,8728,252,8728,(X),0,19,0.0,0.4,42,34,0.5,0.4,676,165,7.7,1.9,740,139,8.5,1.6,933,162,10.7,1.8,1068,191,12.2,2.2,984,198,11.3,2.2,2001,266,22.9,2.9,452,144,5.2,1.6,1832,235,21.0,2.6,8728,252,8728,(X),74,48,0.8,0.5,150,75,1.7,0.9,188,74,2.2,0.8,737,172,8.4,2.0,2029,272,23.2,2.9,1762,280,20.2,3.2,1410,241,16.2,2.8,1010,180,11.6,2.0,1368,199,15.7,2.3,6.2,0.2,(X),(X),8728,252,8728,(X),83,49,1.0,0.6,500,126,5.7,1.4,2112,274,24.2,2.9,3914,310,44.8,3.6,1792,257,20.5,2.9,327,99,3.7,1.1,7839,255,7839,(X),6658,265,84.9,2.2,1181,181,15.1,2.2,2.45,0.08,(X),(X),2.21,0.22,(X),(X),7839,255,7839,(X),42,50,0.5,0.6,1314,198,16.8,2.5,2771,259,35.3,3.1,1498,215,19.1,2.6,911,173,11.6,2.2,1303,179,16.6,2.2,7839,255,7839,(X),415,113,5.3,1.4,2378,241,30.3,2.7,3142,273,40.1,3.3,1904,216,24.3,2.8,7839,255,7839,(X),347,105,4.4,1.4,330,99,4.2,1.2,1230,201,15.7,2.4,5664,259,72.3,2.7,0,19,0.0,0.4,188,98,2.4,1.2,0,19,0.0,0.4,55,40,0.7,0.5,25,41,0.3,0.5,7839,255,7839,(X),6,9,0.1,0.1,6,9,0.1,0.1,143,78,1.8,1.0,7839,255,7839,(X),7799,254,99.5,0.5,40,37,0.5,0.5,0,19,0.0,0.4,6658,265,6658,(X),159,87,2.4,1.3,135,52,2.0,0.8,322,102,4.8,1.5,1325,221,19.9,3.0,2491,246,37.4,3.7,1616,206,24.3,3.0,538,124,8.1,1.8,72,48,1.1,0.7,253600,8179,(X),(X),6658,265,6658,(X),4219,279,63.4,3.3,2439,244,36.6,3.3,4219,279,4219,(X),92,73,2.2,1.7,216,79,5.1,1.8,821,153,19.5,3.4,1137,195,26.9,4.0,907,153,21.5,3.4,503,107,11.9,2.6,543,121,12.9,2.8,1943,59,(X),(X),2439,244,2439,(X),43,32,1.8,1.3,157,80,6.4,3.2,482,133,19.8,4.7,797,146,32.7,5.5,560,148,23.0,5.6,400,106,16.4,4.2,728,41,(X),(X),4204,282,4204,(X),1297,172,30.9,3.9,751,164,17.9,3.6,660,145,15.7,3.1,413,100,9.8,2.3,1083,178,25.8,3.9,15,24,(X),(X),2418,242,2418,(X),752,163,31.1,5.7,393,120,16.3,4.6,289,99,12.0,3.8,345,111,14.3,4.5,147,64,6.1,2.6,96,58,4.0,2.3,396,133,16.4,5.5,21,21,(X),(X),983,164,983,(X),119,57,12.1,6.0,256,80,26.0,7.0,405,116,41.2,9.4,150,88,15.3,8.3,53,36,5.4,3.6,0,19,0.0,3.2,0,19,0.0,3.2,1162,118,(X),(X),198,86,(X),(X),973,163,973,(X),120,56,12.3,5.5,86,58,8.8,5.6,114,68,11.7,6.6,158,97,16.2,9.7,128,68,13.2,7.0,367,107,37.7,8.7,208,88,(X),(X)
0600000US0901301080,0901301080,"Andover town, Tolland County, Connecticut",1234,92,1234,(X),1158,84,93.8,4.7,76,60,6.2,4.7,2.0,3.2,(X),(X),0.0,26.7,(X),(X),1234,92,1234,(X),1138,92,92.2,3.4,6,10,0.5,0.8,0,12,0.0,2.6,0,12,0.0,2.6,83,42,6.7,3.3,0,12,0.0,2.6,7,11,0.6,0.9,0,12,0.0,2.6,0,12,0.0,2.6,1234,92,1234,(X),0,12,0.0,2.6,12,15,1.0,1.3,120,47,9.7,3.7,146,64,11.8,5.3,230,69,18.6,5.8,155,52,12.6,4.1,76,37,6.2,2.9,170,66,13.8,5.3,114,61,9.2,4.8,211,79,17.1,6.0,1234,92,1234,(X),0,12,0.0,2.6,0,12,0.0,2.6,107,46,8.7,3.6,87,58,7.1,4.7,176,60,14.3,4.9,308,88,25.0,6.9,251,78,20.3,6.3,194,75,15.7,5.9,111,45,9.0,3.6,6.3,0.3,(X),(X),1234,92,1234,(X),0,12,0.0,2.6,114,47,9.2,3.6,229,71,18.6,5.8,571,94,46.3,7.4,288,83,23.3,6.1,32,23,2.6,1.8,1158,84,1158,(X),1056,73,91.2,3.5,102,43,8.8,3.5,2.86,0.18,(X),(X),1.90,0.78,(X),(X),1158,84,1158,(X),23,36,2.0,3.1,116,50,10.0,4.5,357,79,30.8,6.2,321,80,27.7,6.8,199,66,17.2,5.5,142,50,12.3,4.2,1158,84,1158,(X),26,25,2.2,2.1,282,89,24.4,7.0,454,87,39.2,7.3,396,72,34.2,6.3,1158,84,1158,(X),9,14,0.8,1.2,107,52,9.2,4.4,122,54,10.5,4.8,685,104,59.2,7.6,0,12,0.0,2.8,193,69,16.7,5.8,16,18,1.4,1.5,26,25,2.2,2.1,0,12,0.0,2.8,1158,84,1158,(X),0,12,0.0,2.8,0,12,0.0,2.8,0,12,0.0,2.8,1158,84,1158,(X),1154,84,99.7,0.7,4,8,0.3,0.7,0,12,0.0,2.8,1056,73,1056,(X),21,23,2.0,2.2,7,10,0.7,1.0,61,43,5.8,4.0,132,65,12.5,6.1,378,94,35.8,8.4,337,85,31.9,8.1,113,47,10.7,4.5,7,11,0.7,1.0,276200,28958,(X),(X),1056,73,1056,(X),767,81,72.6,6.4,289,71,27.4,6.4,767,81,767,(X),0,12,0.0,4.1,62,30,8.1,3.9,165,64,21.5,7.9,220,77,28.7,9.5,134,58,17.5,7.5,133,65,17.3,8.4,53,28,6.9,3.7,1865,161,(X),(X),289,71,289,(X),0,12,0.0,10.6,0,12,0.0,10.6,79,41,27.3,11.4,88,39,30.4,11.6,79,35,27.3,11.1,43,29,14.9,9.3,754,67,(X),(X),767,81,767,(X),407,94,53.1,11.1,98,51,12.8,6.8,94,48,12.3,6.2,39,28,5.1,3.6,129,64,16.8,8.0,0,12,(X),(X),289,71,289,(X),109,51,37.7,13.3,73,38,25.3,12.2,32,24,11.1,8.1,22,22,7.6,7.3,17,21,5.9,7.0,7,11,2.4,3.7,29,22,10.0,7.7,0,12,(X),(X),94,40,94,(X),16,18,17.0,17.9,74,38,78.7,20.2,4,8,4.3,8.8,0,12,0.0,28.5,0,12,0.0,28.5,0,12,0.0,28.5,0,12,0.0,28.5,807,104,(X),(X),8,14,(X),(X),94,40,94,(X),0,12,0.0,28.5,10,13,10.6,14.8,25,23,26.6,21.7,8,12,8.5,12.5,0,12,0.0,28.5,51,35,54.3,26.0,8,14,(X),(X)
0600000US0901306260,0901306260,"Bolton town, Tolland County, Connecticut",2131,102,2131,(X),2021,94,94.8,3.2,110,70,5.2,3.2,0.6,0.9,(X),(X),17.2,15.7,(X),(X),2131,102,2131,(X),1914,104,89.8,3.4,29,27,1.4,1.3,36,32,1.7,1.5,33,48,1.5,2.3,47,31,2.2,1.5,26,42,1.2,2.0,34,39,1.6,1.8,12,18,0.6,0.9,0,12,0.0,1.5,2131,102,2131,(X),0,12,0.0,1.5,8,12,0.4,0.6,144,51,6.8,2.5,276,108,13.0,5.0,404,84,19.0,4.0,261,75,12.2,3.4,277,72,13.0,3.5,448,92,21.0,4.2,125,44,5.9,2.0,188,81,8.8,3.7,2131,102,2131,(X),48,54,2.3,2.5,0,12,0.0,1.5,103,56,4.8,2.6,77,46,3.6,2.2,324,86,15.2,4.1,384,100,18.0,4.5,390,89,18.3,4.0,353,91,16.6,4.3,452,103,21.2,4.8,6.8,0.3,(X),(X),2131,102,2131,(X),48,54,2.3,2.5,107,57,5.0,2.7,375,115,17.6,5.3,843,106,39.6,4.7,565,91,26.5,4.5,193,73,9.1,3.4,2021,94,2021,(X),1814,98,89.8,3.3,207,69,10.2,3.3,2.54,0.12,(X),(X),1.67,0.40,(X),(X),2021,94,2021,(X),0,12,0.0,1.6,294,78,14.5,3.9,526,109,26.0,5.1,526,104,26.0,5.3,356,108,17.6,5.0,319,65,15.8,3.2,2021,94,2021,(X),41,43,2.0,2.1,400,104,19.8,4.9,906,129,44.8,6.7,674,119,33.3,5.6,2021,94,2021,(X),26,22,1.3,1.1,157,77,7.8,3.8,133,56,6.6,2.7,1532,121,75.8,5.2,0,12,0.0,1.6,125,65,6.2,3.1,0,12,0.0,1.6,38,42,1.9,2.1,10,15,0.5,0.8,2021,94,2021,(X),0,12,0.0,1.6,22,36,1.1,1.7,11,17,0.5,0.8,2021,94,2021,(X),2011,100,99.5,0.9,0,12,0.0,1.6,10,17,0.5,0.9,1814,98,1814,(X),20,21,1.1,1.2,0,12,0.0,1.8,36,25,2.0,1.4,240,90,13.2,4.8,655,117,36.1,6.2,598,119,33.0,6.4,265,79,14.6,4.3,0,12,0.0,1.8,293100,17322,(X),(X),1814,98,1814,(X),1297,125,71.5,5.3,517,98,28.5,5.3,1297,125,1297,(X),10,16,0.8,1.2,64,59,4.9,4.4,233,66,18.0,5.5,237,86,18.3,6.2,307,73,23.7,5.7,159,66,12.3,4.9,287,86,22.1,5.9,2170,126,(X),(X),517,98,517,(X),0,12,0.0,6.1,7,12,1.4,2.3,7,11,1.4,2.0,169,59,32.7,9.9,150,64,29.0,11.0,184,67,35.6,10.7,867,53,(X),(X),1297,125,1297,(X),511,98,39.4,7.2,205,62,15.8,4.8,161,67,12.4,4.9,94,43,7.2,3.3,326,109,25.1,7.6,0,12,(X),(X),517,98,517,(X),149,57,28.8,9.6,119,50,23.0,8.4,99,44,19.1,7.4,39,29,7.5,5.5,7,11,1.4,2.1,68,45,13.2,8.1,36,28,7.0,5.6,0,12,(X),(X),203,69,203,(X),0,12,0.0,14.8,83,49,40.9,21.0,98,55,48.3,20.3,11,17,5.4,8.2,3,6,1.5,3.2,0,12,0.0,14.8,8,14,3.9,6.6,1047,97,(X),(X),4,7,(X),(X),195,69,195,(X),45,49,23.1,23.3,6,10,3.1,5.0,41,32,21.0,15.6,11,17,5.6,8.3,8,14,4.1,6.9,84,52,43.1,22.4,12,15,(X),(X)
0600000US0901316400,0901316400,"Columbia town, Tolland County, Connecticut",2159,152,2159,(X),2063,141,95.6,3.0,96,68,4.4,3.0,0.0,1.8,(X),(X),0.0,8.9,(X),(X),2159,152,2159,(X),1888,151,87.4,4.1,43,47,2.0,2.2,124,94,5.7,4.2,89,45,4.1,2.0,0,17,0.0,1.5,0,17,0.0,1.5,0,17,0.0,1.5,0,17,0.0,1.5,15,25,0.7,1.2,2159,152,2159,(X),0,17,0.0,1.5,32,57,1.5,2.6,177,91,8.2,4.3,314,105,14.5,4.8,589,141,27.3,6.3,201,89,9.3,4.0,186,75,8.6,3.3,246,100,11.4,4.5,141,69,6.5,3.2,273,110,12.6,5.0,2159,152,2159,(X),0,17,0.0,1.5,15,25,0.7,1.2,93,64,4.3,2.9,212,98,9.8,4.3,389,122,18.0,5.2,345,118,16.0,5.2,518,147,24.0,6.8,330,112,15.3,5.3,257,93,11.9,4.3,6.5,0.4,(X),(X),2159,152,2159,(X),0,17,0.0,1.5,136,83,6.3,3.7,305,105,14.1,4.6,1088,195,50.4,7.7,561,134,26.0,6.5,69,52,3.2,2.4,2063,141,2063,(X),1751,182,84.9,6.0,312,125,15.1,6.0,2.57,0.18,(X),(X),2.91,1.05,(X),(X),2063,141,2063,(X),32,57,1.6,2.7,306,131,14.8,6.5,733,169,35.5,7.1,437,116,21.2,5.5,273,94,13.2,4.5,282,86,13.7,4.1,2063,141,2063,(X),57,63,2.8,3.0,535,141,25.9,6.1,885,152,42.9,6.8,586,129,28.4,6.6,2063,141,2063,(X),47,47,2.3,2.3,230,140,11.1,6.7,196,87,9.5,4.1,1399,196,67.8,7.9,0,17,0.0,1.6,147,78,7.1,3.8,12,20,0.6,1.0,9,15,0.4,0.7,23,29,1.1,1.4,2063,141,2063,(X),15,25,0.7,1.2,15,25,0.7,1.2,53,37,2.6,1.8,2063,141,2063,(X),1980,193,96.0,4.7,68,87,3.3,4.2,15,25,0.7,1.2,1751,182,1751,(X),54,62,3.1,3.4,0,17,0.0,1.8,104,71,5.9,4.0,226,95,12.9,5.2,771,172,44.0,7.8,523,145,29.9,8.1,61,43,3.5,2.5,12,19,0.7,1.1,241900,12555,(X),(X),1751,182,1751,(X),1140,200,65.1,7.1,611,121,34.9,7.1,1140,200,1140,(X),0,17,0.0,2.8,104,77,9.1,6.4,213,89,18.7,7.2,373,117,32.7,8.8,181,87,15.9,7.0,133,63,11.7,5.6,136,77,11.9,6.1,1729,147,(X),(X),611,121,611,(X),0,17,0.0,5.2,11,19,1.8,3.0,77,42,12.6,6.9,305,116,49.9,13.9,118,61,19.3,9.2,100,70,16.4,11.7,754,35,(X),(X),1140,200,1140,(X),501,145,43.9,10.8,238,108,20.9,8.5,111,69,9.7,5.7,134,92,11.8,7.6,156,87,13.7,7.2,0,17,(X),(X),585,121,585,(X),227,79,38.8,11.8,114,69,19.5,10.6,70,53,12.0,8.3,72,47,12.3,7.5,24,27,4.1,4.7,43,54,7.4,9.1,35,28,6.0,4.9,26,38,(X),(X),297,115,297,(X),35,28,11.8,11.3,49,37,16.5,14.1,126,92,42.4,24.5,10,15,3.4,5.2,9,17,3.0,5.9,0,17,0.0,10.4,68,87,22.9,25.6,1136,114,(X),(X),15,25,(X),(X),297,115,297,(X),19,21,6.4,7.4,0,17,0.0,10.4,30,30,10.1,11.8,99,78,33.3,22.6,0,17,0.0,10.4,149,102,50.2,24.8,15,25,(X),(X)
0600000US0901317800,0901317800,"Coventry town, Tolland County, Connecticut",4965,211,4965,(X),4580,183,92.2,3.4,385,175,7.8,3.4,2.4,2.1,(X),(X),8.7,12.3,(X),(X),4965,211,4965,(X),4528,229,91.2,2.7,110,63,2.2,1.3,73,71,1.5,1.4,79,65,1.6,1.3,82,62,1.7,1.2,77,60,1.6,1.2,16,28,0.3,0.6,0,19,0.0,0.7,0,19,0.0,0.7,4965,211,4965,(X),19,31,0.4,0.6,90,59,1.8,1.2,671,181,13.5,3.7,649,185,13.1,3.6,586,119,11.8,2.5,489,168,9.8,3.3,491,145,9.9,2.9,640,165,12.9,3.3,489,178,9.8,3.5,841,233,16.9,4.6,4965,211,4965,(X),0,19,0.0,0.7,95,39,1.9,0.8,124,87,2.5,1.7,489,197,9.8,3.8,979,204,19.7,4.2,1016,215,20.5,4.3,1113,230,22.4,4.4,613,182,12.3,3.8,536,137,10.8,2.7,6.3,0.3,(X),(X),4965,211,4965,(X),0,19,0.0,0.7,215,83,4.3,1.7,1044,249,21.0,4.8,2630,280,53.0,5.7,823,209,16.6,4.1,253,116,5.1,2.3,4580,183,4580,(X),4141,197,90.4,3.3,439,159,9.6,3.3,2.75,0.12,(X),(X),2.31,0.39,(X),(X),4580,183,4580,(X),41,47,0.9,1.0,837,212,18.3,4.6,1529,247,33.4,5.4,937,211,20.5,4.6,598,168,13.1,3.4,638,125,13.9,2.6,4580,183,4580,(X),96,52,2.1,1.1,825,198,18.0,4.0,2083,245,45.5,5.1,1576,189,34.4,4.4,4580,183,4580,(X),70,66,1.5,1.4,454,181,9.9,4.0,526,111,11.5,2.4,3120,261,68.1,4.7,0,19,0.0,0.7,314,112,6.9,2.4,0,19,0.0,0.7,96,64,2.1,1.4,0,19,0.0,0.7,4580,183,4580,(X),0,19,0.0,0.7,0,19,0.0,0.7,27,32,0.6,0.7,4580,183,4580,(X),4526,202,98.8,1.0,54,47,1.2,1.0,0,19,0.0,0.7,4141,197,4141,(X),49,38,1.2,0.9,88,67,2.1,1.6,471,164,11.4,3.8,629,157,15.2,3.6,1638,228,39.6,5.2,1041,159,25.1,4.0,178,76,4.3,1.8,47,43,1.1,1.0,256700,9764,(X),(X),4141,197,4141,(X),3203,245,77.3,4.8,938,206,22.7,4.8,3203,245,3203,(X),16,26,0.5,0.8,175,103,5.5,3.2,674,192,21.0,5.7,894,200,27.9,6.0,756,208,23.6,6.3,361,117,11.3,3.4,327,100,10.2,3.1,1925,97,(X),(X),938,206,938,(X),15,25,1.6,2.7,35,41,3.7,4.4,310,130,33.0,10.3,323,120,34.4,12.3,89,56,9.5,6.0,166,114,17.7,10.9,655,47,(X),(X),3203,245,3203,(X),1442,196,45.0,6.2,391,129,12.2,4.0,327,123,10.2,3.6,375,152,11.7,4.6,668,170,20.9,4.7,0,19,(X),(X),938,206,938,(X),304,131,32.4,11.2,241,102,25.7,10.8,196,100,20.9,9.9,102,82,10.9,7.5,30,29,3.2,3.0,12,20,1.3,2.1,53,40,5.7,4.2,0,19,(X),(X),388,149,388,(X),16,27,4.1,7.1,124,71,32.0,17.6,165,111,42.5,20.1,68,65,17.5,14.8,0,19,0.0,8.0,15,23,3.9,5.9,0,19,0.0,8.0,1141,159,(X),(X),51,49,(X),(X),388,149,388,(X),0,19,0.0,8.0,96,75,24.7,16.7,49,48,12.6,11.7,15,24,3.9,6.4,43,51,11.1,13.5,185,122,47.7,21.5,51,49,(X),(X)
0600000US0901325360,0901325360,"Ellington town, Tolland County, Connecticut",6669,281,6669,(X),6383,258,95.7,2.4,286,166,4.3,2.4,0.4,0.7,(X),(X),7.1,6.3,(X),(X),6669,281,6669,(X),4255,251,63.8,3.2,289,141,4.3,2.1,237,172,3.6,2.6,302,150,4.5,2.2,978,246,14.7,3.6,324,188,4.9,2.8,284,170,4.3,2.6,0,19,0.0,0.5,0,19,0.0,0.5,6669,281,6669,(X),0,19,0.0,0.5,117,83,1.8,1.3,1094,242,16.4,3.7,881,240,13.2,3.5,911,239,13.7,3.4,949,230,14.2,3.3,819,216,12.3,3.2,972,236,14.6,3.7,396,154,5.9,2.3,530,161,7.9,2.4,6669,281,6669,(X),165,153,2.5,2.3,255,134,3.8,2.0,662,215,9.9,3.2,931,233,14.0,3.5,1022,218,15.3,3.3,1098,253,16.5,3.8,974,226,14.6,3.3,908,200,13.6,2.9,654,197,9.8,2.9,5.8,0.3,(X),(X),6669,281,6669,(X),165,153,2.5,2.3,1240,251,18.6,3.4,1485,258,22.3,4.1,2438,281,36.6,4.1,1239,236,18.6,3.4,102,88,1.5,1.3,6383,258,6383,(X),4339,302,68.0,4.1,2044,280,32.0,4.1,2.72,0.12,(X),(X),1.93,0.21,(X),(X),6383,258,6383,(X),67,63,1.0,1.0,1718,283,26.9,4.2,2222,317,34.8,4.8,1334,263,20.9,4.1,406,155,6.4,2.4,636,155,10.0,2.4,6383,258,6383,(X),190,119,3.0,1.8,1935,327,30.3,4.6,2721,327,42.6,5.0,1537,227,24.1,3.8,6383,258,6383,(X),918,243,14.4,3.9,312,138,4.9,2.1,1455,273,22.8,3.9,3218,328,50.4,4.8,22,36,0.3,0.6,334,140,5.2,2.2,0,19,0.0,0.5,101,73,1.6,1.1,23,35,0.4,0.5,6383,258,6383,(X),0,19,0.0,0.5,0,19,0.0,0.5,15,25,0.2,0.4,6383,258,6383,(X),6301,274,98.7,1.2,82,73,1.3,1.2,0,19,0.0,0.5,4339,302,4339,(X),108,74,2.5,1.7,113,91,2.6,2.1,183,88,4.2,2.0,668,189,15.4,4.3,1755,276,40.4,5.8,1331,235,30.7,5.0,172,100,4.0,2.3,9,15,0.2,0.3,256000,15673,(X),(X),4339,302,4339,(X),3191,354,73.5,5.9,1148,260,26.5,5.9,3191,354,3191,(X),12,19,0.4,0.6,188,106,5.9,3.2,553,181,17.3,5.2,951,269,29.8,7.1,893,210,28.0,6.4,318,136,10.0,4.3,276,134,8.6,4.0,1930,148,(X),(X),1148,260,1148,(X),0,19,0.0,2.8,0,19,0.0,2.8,182,94,15.9,7.7,327,141,28.5,10.1,286,127,24.9,9.8,353,148,30.7,10.8,862,100,(X),(X),3191,354,3191,(X),1142,240,35.8,6.2,751,187,23.5,5.1,439,161,13.8,4.7,235,134,7.4,4.0,624,154,19.6,5.0,0,19,(X),(X),1119,264,1119,(X),390,159,34.9,10.4,215,101,19.2,8.0,109,63,9.7,5.4,57,47,5.1,4.0,21,23,1.9,2.1,81,74,7.2,6.3,246,119,22.0,9.8,29,36,(X),(X),2011,273,2011,(X),22,36,1.1,1.8,629,222,31.3,9.9,667,202,33.2,9.1,422,221,21.0,10.5,271,131,13.5,6.7,0,19,0.0,1.6,0,19,0.0,1.6,1210,118,(X),(X),33,38,(X),(X),1952,275,1952,(X),433,194,22.2,9.5,424,227,21.7,11.2,333,209,17.1,10.1,124,95,6.4,5.0,93,83,4.8,4.2,545,203,27.9,9.8,92,101,(X),(X)
0600000US0901337910,0901337910,"Hebron town, Tolland County, Connecticut",3622,165,3622,(X),3370,142,93.0,3.1,252,117,7.0,3.1,1.1,1.2,(X),(X),0.0,13.0,(X),(X),3622,165,3622,(X),3310,182,91.4,3.1,98,70,2.7,1.9,154,95,4.3,2.6,40,28,1.1,0.8,9,15,0.2,0.4,0,17,0.0,0.9,11,17,0.3,0.5,0,17,0.0,0.9,0,17,0.0,0.9,3622,165,3622,(X),0,17,0.0,0.9,12,14,0.3,0.4,556,148,15.4,4.0,672,128,18.6,3.6,709,144,19.6,4.0,561,108,15.5,3.0,512,138,14.1,3.6,309,93,8.5,2.5,66,45,1.8,1.2,225,109,6.2,3.0,3622,165,3622,(X),20,31,0.6,0.9,0,17,0.0,0.9,5,10,0.1,0.3,139,68,3.8,1.9,623,169,17.2,4.6,697,161,19.2,4.2,659,137,18.2,3.5,657,135,18.1,3.9,822,143,22.7,3.9,7.0,0.3,(X),(X),3622,165,3622,(X),20,31,0.6,0.9,31,28,0.9,0.8,530,150,14.6,4.1,1905,244,52.6,6.0,981,168,27.1,4.8,155,59,4.3,1.6,3370,142,3370,(X),3138,154,93.1,3.1,232,107,6.9,3.1,2.90,0.12,(X),(X),2.03,0.28,(X),(X),3370,142,3370,(X),39,49,1.2,1.4,392,119,11.6,3.4,1358,174,40.3,4.6,857,138,25.4,4.3,366,95,10.9,2.7,358,91,10.6,2.7,3370,142,3370,(X),42,34,1.2,1.0,468,125,13.9,3.4,1703,171,50.5,4.9,1157,130,34.3,4.1,3370,142,3370,(X),150,54,4.5,1.6,208,67,6.2,2.0,234,94,6.9,2.7,2451,166,72.7,4.6,26,27,0.8,0.8,220,100,6.5,2.9,0,17,0.0,1.0,48,38,1.4,1.1,33,32,1.0,1.0,3370,142,3370,(X),0,17,0.0,1.0,0,17,0.0,1.0,11,17,0.3,0.5,3370,142,3370,(X),3360,142,99.7,0.5,10,15,0.3,0.5,0,17,0.0,1.0,3138,154,3138,(X),40,33,1.3,1.0,6,10,0.2,0.3,83,44,2.6,1.4,333,96,10.6,3.0,1127,150,35.9,4.5,1344,172,42.8,5.2,201,92,6.4,2.9,4,7,0.1,0.2,298000,14651,(X),(X),3138,154,3138,(X),2342,179,74.6,4.1,796,132,25.4,4.1,2342,179,2342,(X),22,25,0.9,1.1,37,26,1.6,1.1,227,72,9.7,3.1,561,121,24.0,4.6,699,175,29.8,7.0,340,96,14.5,4.0,456,120,19.5,5.0,2232,69,(X),(X),796,132,796,(X),0,17,0.0,4.0,16,26,2.0,3.3,43,29,5.4,3.7,183,69,23.0,7.7,235,88,29.5,8.9,319,77,40.1,7.9,944,37,(X),(X),2342,179,2342,(X),791,160,33.8,6.9,487,137,20.8,5.9,340,107,14.5,4.6,203,94,8.7,3.9,521,163,22.2,5.9,0,17,(X),(X),796,132,796,(X),306,77,38.4,7.9,173,70,21.7,7.4,100,39,12.6,4.9,52,37,6.5,4.4,17,21,2.1,2.6,19,25,2.4,3.1,129,53,16.2,6.4,0,17,(X),(X),182,99,182,(X),0,17,0.0,16.3,55,46,30.2,19.2,64,66,35.2,27.4,49,36,26.9,21.8,0,17,0.0,16.3,14,23,7.7,13.2,0,17,0.0,16.3,1141,326,(X),(X),50,49,(X),(X),182,99,182,(X),45,59,24.7,26.9,0,17,0.0,16.3,39,48,21.4,24.6,11,17,6.0,10.3,9,14,4.9,8.3,78,61,42.9,24.9,50,49,(X),(X)
0600000US0901344910,0901344910,"Mansfield town, Tolland County, Connecticut",6119,561,6119,(X),5557,564,90.8,2.4,562,140,9.2,2.4,1.5,1.5,(X),(X),7.0,3.8,(X),(X),6119,561,6119,(X),3466,325,56.6,3.2,400,121,6.5,1.9,297,124,4.9,2.0,835,216,13.6,3.2,420,138,6.9,2.1,191,90,3.1,1.4,271,87,4.4,1.4,239,84,3.9,1.2,0,22,0.0,0.5,6119,561,6119,(X),0,22,0.0,0.5,180,80,2.9,1.3,537,147,8.8,2.5,494,146,8.1,2.2,1239,259,20.2,3.9,796,207,13.0,3.1,976,211,16.0,2.9,902,169,14.7,2.5,231,94,3.8,1.5,764,208,12.5,3.1,6119,561,6119,(X),44,54,0.7,0.9,276,122,4.5,2.0,646,194,10.6,2.9,1252,243,20.5,3.5,1065,214,17.4,2.9,900,214,14.7,3.2,608,141,9.9,2.3,677,185,11.1,2.7,651,122,10.6,2.0,5.3,0.2,(X),(X),6119,561,6119,(X),44,54,0.7,0.9,881,214,14.4,3.1,1981,303,32.4,4.0,2002,274,32.7,3.4,909,175,14.9,2.7,302,99,4.9,1.5,5557,564,5557,(X),3318,316,59.7,3.4,2239,349,40.3,3.4,2.49,0.11,(X),(X),2.12,0.17,(X),(X),5557,564,5557,(X),215,148,3.9,2.6,1969,314,35.4,4.1,1645,253,29.6,3.7,621,140,11.2,2.2,525,128,9.4,2.2,582,127,10.5,2.0,5557,564,5557,(X),206,95,3.7,1.6,1975,324,35.5,4.1,2111,324,38.0,4.3,1265,219,22.8,3.8,5557,564,5557,(X),343,138,6.2,2.3,413,117,7.4,2.0,1474,282,26.5,4.2,2866,348,51.6,3.9,0,22,0.0,0.6,364,116,6.6,2.1,0,22,0.0,0.6,84,63,1.5,1.1,13,15,0.2,0.3,5557,564,5557,(X),0,22,0.0,0.6,37,28,0.7,0.5,36,26,0.6,0.5,5557,564,5557,(X),5532,565,99.6,0.5,25,25,0.4,0.5,0,22,0.0,0.6,3318,316,3318,(X),176,74,5.3,2.2,175,78,5.3,2.1,170,69,5.1,2.0,472,130,14.2,3.5,1359,213,41.0,5.0,799,166,24.1,4.9,154,64,4.6,1.9,13,14,0.4,0.4,242200,9170,(X),(X),3318,316,3318,(X),1983,244,59.8,4.7,1335,204,40.2,4.7,1983,244,1983,(X),15,24,0.8,1.2,127,70,6.4,3.5,374,133,18.9,5.5,550,145,27.7,5.9,449,140,22.6,6.7,262,95,13.2,4.9,206,87,10.4,4.4,1933,127,(X),(X),1335,204,1335,(X),24,23,1.8,1.7,37,37,2.8,2.6,214,76,16.0,5.4,508,131,38.1,8.2,338,108,25.3,7.2,214,92,16.0,6.2,762,30,(X),(X),1983,244,1983,(X),893,175,45.0,7.0,322,102,16.2,4.5,216,95,10.9,4.6,207,89,10.4,4.1,345,97,17.4,4.8,0,22,(X),(X),1335,204,1335,(X),446,116,33.4,7.0,355,96,26.6,6.4,179,66,13.4,4.7,80,55,6.0,3.8,66,34,4.9,2.5,43,29,3.2,2.2,166,83,12.4,5.6,0,22,(X),(X),2153,334,2153,(X),122,80,5.7,3.5,814,236,37.8,8.4,631,171,29.3,8.0,298,160,13.8,6.8,280,108,13.0,4.9,0,22,0.0,1.5,8,12,0.4,0.6,1080,100,(X),(X),86,58,(X),(X),2037,314,2037,(X),187,94,9.2,4.7,127,79,6.2,3.6,164,100,8.1,4.7,307,147,15.1,6.7,108,63,5.3,2.9,1144,220,56.2,7.0,202,99,(X),(X)
0600000US0901369220,0901369220,"Somers town, Tolland County, Connecticut",3597,163,3597,(X),3378,156,93.9,2.3,219,85,6.1,2.3,0.3,0.4,(X),(X),5.8,7.1,(X),(X),3597,163,3597,(X),3175,144,88.3,2.5,70,49,1.9,1.4,180,82,5.0,2.2,53,43,1.5,1.2,32,28,0.9,0.8,0,19,0.0,0.9,87,38,2.4,1.1,0,19,0.0,0.9,0,19,0.0,0.9,3597,163,3597,(X),0,19,0.0,0.9,67,40,1.9,1.1,337,94,9.4,2.6,293,81,8.1,2.2,532,98,14.8,2.7,752,113,20.9,3.1,620,136,17.2,3.6,307,102,8.5,2.8,113,59,3.1,1.7,576,126,16.0,3.3,3597,163,3597,(X),0,19,0.0,0.9,0,19,0.0,0.9,103,36,2.9,1.0,258,87,7.2,2.4,318,88,8.8,2.4,751,152,20.9,3.9,737,124,20.5,3.5,792,128,22.0,3.6,638,120,17.7,3.2,7.0,0.2,(X),(X),3597,163,3597,(X),0,19,0.0,0.9,138,44,3.8,1.2,571,115,15.9,3.2,1630,174,45.3,4.3,1101,161,30.6,4.2,157,63,4.4,1.7,3378,156,3378,(X),2838,166,84.0,4.0,540,142,16.0,4.0,2.88,0.12,(X),(X),2.19,0.34,(X),(X),3378,156,3378,(X),0,19,0.0,1.0,518,134,15.3,3.8,1044,154,30.9,4.5,765,123,22.6,3.8,540,106,16.0,3.2,511,101,15.1,2.7,3378,156,3378,(X),98,64,2.9,1.9,688,131,20.4,3.7,1258,154,37.2,4.6,1334,170,39.5,4.6,3378,156,3378,(X),84,52,2.5,1.5,356,93,10.5,2.7,177,67,5.2,2.0,2492,162,73.8,3.5,0,19,0.0,1.0,143,54,4.2,1.6,0,19,0.0,1.0,126,52,3.7,1.5,0,19,0.0,1.0,3378,156,3378,(X),0,19,0.0,1.0,6,10,0.2,0.3,48,44,1.4,1.3,3378,156,3378,(X),3361,157,99.5,0.5,17,18,0.5,0.5,0,19,0.0,1.0,2838,166,2838,(X),36,25,1.3,0.9,28,34,1.0,1.2,52,35,1.8,1.2,171,68,6.0,2.3,1047,148,36.9,4.9,1342,164,47.3,5.0,135,48,4.8,1.7,27,25,1.0,0.9,308500,12582,(X),(X),2838,166,2838,(X),2015,190,71.0,4.0,823,108,29.0,4.0,2015,190,2015,(X),0,19,0.0,1.6,61,31,3.0,1.5,347,89,17.2,4.2,554,135,27.5,5.5,528,96,26.2,4.3,258,71,12.8,3.6,267,90,13.3,4.4,2043,106,(X),(X),823,108,823,(X),0,19,0.0,3.9,22,21,2.7,2.6,141,62,17.1,7.1,317,80,38.5,8.6,214,72,26.0,7.4,129,45,15.7,5.6,755,43,(X),(X),2015,190,2015,(X),883,142,43.8,5.7,352,86,17.5,4.3,212,62,10.5,3.0,168,63,8.3,2.9,400,112,19.9,5.0,0,19,(X),(X),823,108,823,(X),285,85,34.6,8.8,259,73,31.5,8.2,70,43,8.5,5.2,41,29,5.0,3.5,17,19,2.1,2.4,30,20,3.6,2.3,121,61,14.7,7.1,0,19,(X),(X),462,137,462,(X),61,38,13.2,9.0,101,59,21.9,12.4,187,96,40.5,15.0,88,64,19.0,12.1,0,19,0.0,6.8,10,17,2.2,3.9,15,23,3.2,4.9,1145,137,(X),(X),78,50,(X),(X),462,137,462,(X),34,31,7.4,6.7,23,29,5.0,6.4,58,53,12.6,11.4,14,16,3.0,4.0,68,54,14.7,10.7,265,111,57.4,15.9,78,50,(X),(X)
0600000US0901372090,0901372090,"Stafford town, Tolland County, Connecticut",5428,243,5428,(X),4796,203,88.4,2.5,632,148,11.6,2.5,0.3,0.4,(X),(X),8.4,5.7,(X),(X),5428,243,5428,(X),3886,256,71.6,3.2,201,118,3.7,2.2,328,101,6.0,1.9,398,143,7.3,2.5,359,111,6.6,2.1,95,71,1.8,1.3,51,41,0.9,0.7,110,65,2.0,1.2,0,19,0.0,0.6,5428,243,5428,(X),0,19,0.0,0.6,20,22,0.4,0.4,450,129,8.3,2.3,405,120,7.5,2.2,716,161,13.2,2.9,669,170,12.3,3.2,398,103,7.3,1.8,698,155,12.9,2.8,282,104,5.2,1.9,1790,226,33.0,3.9,5428,243,5428,(X),124,69,2.3,1.3,161,75,3.0,1.4,359,104,6.6,1.9,769,185,14.2,3.2,1076,202,19.8,3.5,1087,173,20.0,3.3,997,198,18.4,3.7,416,112,7.7,2.1,439,142,8.1,2.6,5.7,0.2,(X),(X),5428,243,5428,(X),124,69,2.3,1.3,508,133,9.4,2.4,1427,224,26.3,3.7,2446,208,45.1,3.2,840,164,15.5,3.1,83,54,1.5,1.0,4796,203,4796,(X),3451,242,72.0,3.8,1345,184,28.0,3.8,2.51,0.12,(X),(X),2.32,0.26,(X),(X),4796,203,4796,(X),82,70,1.7,1.4,802,164,16.7,3.5,1938,194,40.4,3.7,993,147,20.7,3.0,380,91,7.9,1.8,601,139,12.5,2.8,4796,203,4796,(X),291,109,6.1,2.3,1444,195,30.1,3.7,1977,238,41.2,4.4,1084,161,22.6,3.6,4796,203,4796,(X),42,27,0.9,0.6,324,115,6.8,2.4,708,148,14.8,2.9,2898,240,60.4,4.7,0,19,0.0,0.7,686,173,14.3,3.5,0,19,0.0,0.7,138,87,2.9,1.8,0,19,0.0,0.7,4796,203,4796,(X),10,15,0.2,0.3,25,26,0.5,0.5,44,28,0.9,0.6,4796,203,4796,(X),4765,205,99.4,0.6,15,19,0.3,0.4,16,24,0.3,0.5,3451,242,3451,(X),117,73,3.4,2.0,140,49,4.1,1.4,566,132,16.4,3.6,1060,175,30.7,4.5,1065,187,30.9,5.0,415,102,12.0,2.9,84,52,2.4,1.5,4,6,0.1,0.2,190300,9855,(X),(X),3451,242,3451,(X),2461,205,71.3,3.9,990,157,28.7,3.9,2461,205,2461,(X),0,19,0.0,1.3,189,65,7.7,2.7,755,158,30.7,5.7,818,165,33.2,5.7,432,107,17.6,4.2,170,81,6.9,3.2,97,52,3.9,2.1,1649,72,(X),(X),990,157,990,(X),26,25,2.6,2.4,46,35,4.6,3.5,214,70,21.6,7.0,428,117,43.2,8.7,209,69,21.1,5.9,67,40,6.8,3.9,729,23,(X),(X),2444,205,2444,(X),721,139,29.5,5.4,545,128,22.3,4.8,352,116,14.4,4.7,216,82,8.8,3.3,610,138,25.0,5.0,17,19,(X),(X),977,156,977,(X),324,92,33.2,8.0,161,67,16.5,6.4,115,71,11.8,7.3,109,57,11.2,5.3,55,39,5.6,4.0,41,32,4.2,3.2,172,78,17.6,6.8,13,20,(X),(X),1236,185,1236,(X),115,46,9.3,3.9,597,172,48.3,10.9,354,135,28.6,9.8,160,97,12.9,7.9,0,19,0.0,2.6,10,16,0.8,1.3,0,19,0.0,2.6,935,82,(X),(X),109,73,(X),(X),1199,191,1199,(X),153,87,12.8,7.2,81,72,6.8,6.0,176,93,14.7,7.6,86,54,7.2,4.5,227,118,18.9,9.1,476,121,39.7,7.7,146,86,(X),(X)
0600000US0901376290,0901376290,"Tolland town, Tolland County, Connecticut",5439,185,5439,(X),5238,179,96.3,2.0,201,110,3.7,2.0,1.8,1.2,(X),(X),0.0,9.8,(X),(X),5439,185,5439,(X),5150,201,94.7,1.9,47,40,0.9,0.7,0,19,0.0,0.6,49,44,0.9,0.8,95,72,1.7,1.3,34,31,0.6,0.6,64,48,1.2,0.9,0,19,0.0,0.6,0,19,0.0,0.6,5439,185,5439,(X),0,19,0.0,0.6,56,67,1.0,1.2,764,180,14.0,3.1,894,164,16.4,3.0,770,164,14.2,3.0,805,150,14.8,2.7,1184,223,21.8,4.0,581,184,10.7,3.4,58,46,1.1,0.8,327,108,6.0,2.0,5439,185,5439,(X),0,19,0.0,0.6,46,46,0.8,0.8,143,75,2.6,1.4,281,107,5.2,2.0,765,192,14.1,3.5,1118,256,20.6,4.6,1272,253,23.4,4.6,851,194,15.6,3.5,963,193,17.7,3.5,6.8,0.2,(X),(X),5439,185,5439,(X),0,19,0.0,0.6,193,80,3.5,1.4,734,193,13.5,3.5,2608,269,47.9,4.8,1754,234,32.2,4.2,150,72,2.8,1.3,5238,179,5238,(X),4924,186,94.0,2.1,314,110,6.0,2.1,2.88,0.10,(X),(X),2.00,0.57,(X),(X),5238,179,5238,(X),85,75,1.6,1.4,591,156,11.3,2.9,1966,267,37.5,4.7,1123,195,21.4,3.8,730,178,13.9,3.4,743,162,14.2,3.1,5238,179,5238,(X),112,65,2.1,1.2,868,175,16.6,3.1,2428,267,46.4,4.6,1830,223,34.9,4.6,5238,179,5238,(X),48,45,0.9,0.9,299,123,5.7,2.3,249,112,4.8,2.1,3939,267,75.2,4.5,29,46,0.6,0.9,604,159,11.5,3.0,13,21,0.2,0.4,57,48,1.1,0.9,0,19,0.0,0.6,5238,179,5238,(X),0,19,0.0,0.6,0,19,0.0,0.6,47,47,0.9,0.9,5238,179,5238,(X),5238,179,100.0,0.6,0,19,0.0,0.6,0,19,0.0,0.6,4924,186,4924,(X),105,65,2.1,1.3,41,58,0.8,1.2,85,52,1.7,1.0,792,158,16.1,3.1,1708,240,34.7,4.9,1861,235,37.8,4.4,317,110,6.4,2.2,15,26,0.3,0.5,281100,14135,(X),(X),4924,186,4924,(X),3572,246,72.5,4.3,1352,218,27.5,4.3,3572,246,3572,(X),0,19,0.0,0.9,92,60,2.6,1.6,357,147,10.0,4.0,1070,219,30.0,5.6,1018,208,28.5,6.0,601,155,16.8,4.1,434,110,12.2,3.0,2131,86,(X),(X),1352,218,1352,(X),67,55,5.0,3.9,16,25,1.2,1.9,248,87,18.3,5.9,343,103,25.4,7.1,300,119,22.2,7.7,378,124,28.0,8.4,801,70,(X),(X),3572,246,3572,(X),1522,228,42.6,5.8,588,173,16.5,4.7,505,145,14.1,4.1,312,140,8.7,3.9,645,170,18.1,4.3,0,19,(X),(X),1352,218,1352,(X),591,162,43.7,9.6,200,100,14.8,6.9,246,106,18.2,7.7,105,68,7.8,4.9,70,50,5.2,3.7,57,48,4.2,3.6,83,65,6.1,4.5,0,19,(X),(X),299,110,299,(X),29,33,9.7,10.9,33,40,11.0,12.6,153,61,51.2,21.2,84,87,28.1,23.1,0,19,0.0,10.3,0,19,0.0,10.3,0,19,0.0,10.3,1182,136,(X),(X),15,23,(X),(X),299,110,299,(X),26,28,8.7,9.9,0,19,0.0,10.3,42,66,14.0,20.2,71,72,23.7,20.9,36,40,12.0,13.4,124,68,41.5,22.1,15,23,(X),(X)
0600000US0901377830,0901377830,"Union town, Tolland County, Connecticut",370,44,370,(X),329,41,88.9,5.6,41,22,11.1,5.6,1.9,3.4,(X),(X),0.0,82.3,(X),(X),370,44,370,(X),363,44,98.1,2.3,1,2,0.3,0.7,6,8,1.6,2.2,0,12,0.0,8.4,0,12,0.0,8.4,0,12,0.0,8.4,0,12,0.0,8.4,0,12,0.0,8.4,0,12,0.0,8.4,370,44,370,(X),8,10,2.2,2.8,2,3,0.5,0.8,68,23,18.4,6.0,61,29,16.5,7.4,57,25,15.4,6.5,55,18,14.9,4.9,24,11,6.5,3.0,33,13,8.9,3.6,12,14,3.2,3.5,50,23,13.5,5.6,370,44,370,(X),2,3,0.5,0.8,0,12,0.0,8.4,8,10,2.2,2.7,24,16,6.5,4.2,87,29,23.5,7.4,93,29,25.1,6.8,57,22,15.4,5.6,46,25,12.4,6.5,53,18,14.3,4.8,6.2,0.3,(X),(X),370,44,370,(X),2,3,0.5,0.8,4,5,1.1,1.2,82,27,22.2,6.8,193,39,52.2,8.8,70,27,18.9,6.7,19,11,5.1,3.0,329,41,329,(X),316,39,96.0,2.8,13,10,4.0,2.8,2.80,0.37,(X),(X),2.23,0.90,(X),(X),329,41,329,(X),4,6,1.2,1.8,52,25,15.8,7.0,111,32,33.7,8.7,65,25,19.8,7.2,44,21,13.4,6.1,53,16,16.1,5.1,329,41,329,(X),5,6,1.5,1.9,51,22,15.5,6.7,145,33,44.1,8.4,128,39,38.9,9.9,329,41,329,(X),9,9,2.7,2.8,24,16,7.3,4.6,13,9,4.0,2.8,203,39,61.7,9.6,0,12,0.0,9.4,70,31,21.3,8.8,0,12,0.0,9.4,7,9,2.1,2.6,3,5,0.9,1.5,329,41,329,(X),4,5,1.2,1.5,2,3,0.6,1.0,2,3,0.6,1.0,329,41,329,(X),327,41,99.4,0.9,0,12,0.0,9.4,2,3,0.6,0.9,316,39,316,(X),4,5,1.3,1.6,5,6,1.6,1.8,11,9,3.5,2.7,68,25,21.5,7.2,99,24,31.3,7.2,74,26,23.4,7.6,43,18,13.6,5.5,12,17,3.8,5.2,274600,24868,(X),(X),316,39,316,(X),209,38,66.1,7.0,107,23,33.9,7.0,209,38,209,(X),0,12,0.0,14.4,3,5,1.4,2.5,68,26,32.5,11.1,53,23,25.4,9.5,58,25,27.8,11.1,16,12,7.7,5.3,11,10,5.3,4.6,1857,176,(X),(X),107,23,107,(X),2,4,1.9,3.7,4,4,3.7,4.2,23,11,21.5,9.3,43,15,40.2,11.8,15,9,14.0,9.2,20,14,18.7,11.8,731,41,(X),(X),205,40,205,(X),84,35,41.0,12.4,44,23,21.5,10.0,26,16,12.7,7.2,10,8,4.9,3.9,41,18,20.0,8.7,4,5,(X),(X),107,23,107,(X),52,18,48.6,13.5,29,13,27.1,12.0,8,6,7.5,6.0,2,3,1.9,2.9,4,5,3.7,4.7,4,5,3.7,4.7,8,6,7.5,5.8,0,12,(X),(X),13,10,13,(X),0,12,0.0,82.3,1,3,7.7,24.0,9,8,69.2,44.0,1,4,7.7,31.6,2,3,15.4,25.9,0,12,0.0,82.3,0,12,0.0,82.3,1281,297,(X),(X),0,12,(X),(X),13,10,13,(X),5,6,38.5,40.8,6,7,46.2,40.7,1,3,7.7,24.0,1,4,7.7,31.6,0,12,0.0,82.3,0,12,0.0,82.3,0,12,(X),(X)
0600000US0901378250,0901378250,"Vernon town, Tolland County, Connecticut",14124,342,14124,(X),13177,355,93.3,1.9,947,272,6.7,1.9,2.3,1.9,(X),(X),5.4,3.0,(X),(X),14124,342,14124,(X),6412,341,45.4,2.2,947,217,6.7,1.5,822,204,5.8,1.4,1672,331,11.8,2.3,1652,285,11.7,2.0,955,210,6.8,1.5,1386,224,9.8,1.6,278,111,2.0,0.8,0,22,0.0,0.2,14124,342,14124,(X),0,22,0.0,0.2,154,101,1.1,0.7,1282,247,9.1,1.7,823,219,5.8,1.6,2009,272,14.2,1.9,2212,274,15.7,1.9,2686,347,19.0,2.4,2611,341,18.5,2.4,329,115,2.3,0.8,2018,236,14.3,1.6,14124,342,14124,(X),271,173,1.9,1.2,498,168,3.5,1.2,2161,298,15.3,2.0,3104,410,22.0,2.8,2347,350,16.6,2.4,2080,263,14.7,1.8,1404,241,9.9,1.7,1234,181,8.7,1.3,1025,179,7.3,1.2,4.9,0.2,(X),(X),14124,342,14124,(X),298,175,2.1,1.2,3209,357,22.7,2.4,4254,400,30.1,2.7,4009,335,28.4,2.3,1942,241,13.7,1.7,412,127,2.9,0.9,13177,355,13177,(X),7185,377,54.5,2.5,5992,377,45.5,2.5,2.38,0.10,(X),(X),1.93,0.10,(X),(X),13177,355,13177,(X),263,135,2.0,1.0,4535,403,34.4,2.9,4294,361,32.6,2.6,1550,259,11.8,2.0,1103,170,8.4,1.3,1432,181,10.9,1.3,13177,355,13177,(X),902,184,6.8,1.4,5292,454,40.2,2.9,5096,399,38.7,3.0,1887,231,14.3,1.8,13177,355,13177,(X),4559,400,34.6,2.8,394,153,3.0,1.2,1866,335,14.2,2.5,6101,378,46.3,2.7,28,33,0.2,0.2,120,64,0.9,0.5,16,25,0.1,0.2,93,60,0.7,0.5,0,22,0.0,0.2,13177,355,13177,(X),62,75,0.5,0.6,25,29,0.2,0.2,171,77,1.3,0.6,13177,355,13177,(X),13072,374,99.2,0.5,48,39,0.4,0.3,57,53,0.4,0.4,7185,377,7185,(X),272,114,3.8,1.5,253,87,3.5,1.2,904,190,12.6,2.5,1960,280,27.3,3.3,2801,254,39.0,3.5,707,131,9.8,1.8,175,102,2.4,1.4,113,67,1.6,0.9,206000,6592,(X),(X),7185,377,7185,(X),4748,317,66.1,3.2,2437,279,33.9,3.2,4748,317,4748,(X),0,22,0.0,0.7,237,79,5.0,1.6,1017,213,21.4,4.1,1818,243,38.3,4.3,1066,184,22.5,3.8,328,100,6.9,2.1,282,85,5.9,1.8,1794,52,(X),(X),2437,279,2437,(X),18,28,0.7,1.2,27,21,1.1,0.9,353,107,14.5,4.2,988,192,40.5,6.3,574,144,23.6,5.2,477,142,19.6,5.3,760,34,(X),(X),4748,317,4748,(X),1476,212,31.1,3.9,889,162,18.7,3.5,913,213,19.2,4.1,303,113,6.4,2.3,1167,211,24.6,4.0,0,22,(X),(X),2402,275,2402,(X),725,163,30.2,5.8,321,76,13.4,3.0,344,101,14.3,4.1,233,83,9.7,3.2,205,76,8.5,3.2,67,40,2.8,1.6,507,153,21.1,5.5,35,32,(X),(X),5871,395,5871,(X),507,146,8.6,2.5,2663,329,45.4,5.1,1879,329,32.0,4.8,712,177,12.1,2.8,100,80,1.7,1.4,10,15,0.2,0.3,0,22,0.0,0.6,979,24,(X),(X),121,98,(X),(X),5807,406,5807,(X),557,176,9.6,3.0,1000,245,17.2,4.2,809,190,13.9,3.2,734,217,12.6,3.5,674,209,11.6,3.4,2033,304,35.0,4.4,185,123,(X),(X)
0600000US0901385950,0901385950,"Willington town, Tolland County, Connecticut",2526,190,2526,(X),2417,174,95.7,4.0,109,103,4.3,4.0,0.0,2.0,(X),(X),6.4,8.4,(X),(X),2526,190,2526,(X),1661,226,65.8,7.0,130,76,5.1,3.1,193,117,7.6,4.6,99,88,3.9,3.4,34,43,1.3,1.7,192,124,7.6,4.8,217,75,8.6,3.0,0,17,0.0,1.3,0,17,0.0,1.3,2526,190,2526,(X),0,17,0.0,1.3,46,39,1.8,1.6,167,87,6.6,3.3,252,118,10.0,4.7,406,117,16.1,4.8,498,192,19.7,7.3,547,153,21.7,5.6,285,111,11.3,4.4,31,39,1.2,1.5,294,153,11.6,5.9,2526,190,2526,(X),0,17,0.0,1.3,89,48,3.5,1.8,226,120,8.9,4.5,450,154,17.8,6.2,389,129,15.4,4.9,644,192,25.5,7.2,298,107,11.8,4.4,174,103,6.9,4.0,256,103,10.1,4.0,5.7,0.3,(X),(X),2526,190,2526,(X),0,17,0.0,1.3,407,160,16.1,5.6,619,171,24.5,6.7,1193,236,47.2,9.3,223,108,8.8,4.3,84,67,3.3,2.6,2417,174,2417,(X),1609,209,66.6,6.3,808,152,33.4,6.3,2.47,0.15,(X),(X),2.40,0.42,(X),(X),2417,174,2417,(X),0,17,0.0,1.3,748,154,30.9,6.8,700,146,29.0,5.8,459,149,19.0,5.5,134,68,5.5,2.8,376,134,15.6,5.2,2417,174,2417,(X),49,41,2.0,1.7,853,196,35.3,7.1,808,151,33.4,6.1,707,154,29.3,6.3,2417,174,2417,(X),48,41,2.0,1.7,94,68,3.9,2.8,358,116,14.8,4.6,1610,164,66.6,6.2,18,29,0.7,1.2,212,91,8.8,3.7,0,17,0.0,1.3,53,53,2.2,2.2,24,37,1.0,1.5,2417,174,2417,(X),0,17,0.0,1.3,13,23,0.5,0.9,47,42,1.9,1.7,2417,174,2417,(X),2374,186,98.2,2.0,43,48,1.8,2.0,0,17,0.0,1.3,1609,209,1609,(X),70,52,4.4,3.1,10,16,0.6,1.0,153,95,9.5,5.7,290,108,18.0,6.1,761,167,47.3,7.6,259,87,16.1,5.6,43,50,2.7,3.1,23,28,1.4,1.7,229300,12988,(X),(X),1609,209,1609,(X),978,161,60.8,7.2,631,149,39.2,7.2,978,161,978,(X),0,17,0.0,3.3,47,48,4.8,4.7,119,75,12.2,7.1,424,131,43.4,11.4,236,107,24.1,10.2,82,71,8.4,7.2,70,74,7.2,7.5,1894,122,(X),(X),631,149,631,(X),0,17,0.0,5.0,96,65,15.2,9.4,121,63,19.2,9.6,267,109,42.3,11.9,34,28,5.4,4.4,113,77,17.9,11.8,653,39,(X),(X),978,161,978,(X),432,114,44.2,9.7,119,81,12.2,8.0,197,104,20.1,9.9,97,67,9.9,6.1,133,74,13.6,7.5,0,17,(X),(X),631,149,631,(X),247,88,39.1,13.1,164,81,26.0,11.1,71,76,11.3,11.4,31,32,4.9,5.0,0,17,0.0,5.0,27,30,4.3,4.8,91,71,14.4,10.3,0,17,(X),(X),721,157,721,(X),61,42,8.5,5.4,281,113,39.0,12.7,323,144,44.8,16.3,56,59,7.8,8.7,0,17,0.0,4.4,0,17,0.0,4.4,0,17,0.0,4.4,1036,178,(X),(X),87,77,(X),(X),721,157,721,(X),25,34,3.5,4.7,82,81,11.4,10.8,101,101,14.0,14.0,50,41,6.9,5.8,15,24,2.1,3.3,448,161,62.1,16.4,87,77,(X),(X)
0600000US0901501430,0901501430,"Ashford town, Windham County, Connecticut",1898,114,1898,(X),1691,99,89.1,3.3,207,68,10.9,3.3,0.8,1.0,(X),(X),15.8,12.9,(X),(X),1898,114,1898,(X),1595,126,84.0,3.6,3,6,0.2,0.3,47,40,2.5,2.1,46,38,2.4,2.1,72,51,3.8,2.6,33,28,1.7,1.5,86,37,4.5,1.9,16,13,0.8,0.7,0,12,0.0,1.7,1898,114,1898,(X),0,12,0.0,1.7,7,11,0.4,0.6,243,75,12.8,3.9,244,80,12.9,4.2,318,80,16.8,4.2,406,108,21.4,5.4,213,72,11.2,3.9,238,76,12.5,3.7,69,34,3.6,1.8,160,72,8.4,3.8,1898,114,1898,(X),6,9,0.3,0.5,37,31,1.9,1.6,164,57,8.6,3.0,353,101,18.6,5.1,373,108,19.7,5.3,246,73,13.0,3.8,337,101,17.8,5.2,124,49,6.5,2.6,258,69,13.6,3.8,5.6,0.4,(X),(X),1898,114,1898,(X),6,9,0.3,0.5,205,71,10.8,3.7,542,108,28.6,5.3,789,137,41.6,6.8,306,104,16.1,5.2,50,39,2.6,2.1,1691,99,1691,(X),1436,110,84.9,3.8,255,65,15.1,3.8,2.64,0.17,(X),(X),1.87,0.45,(X),(X),1691,99,1691,(X),8,16,0.5,0.9,257,77,15.2,4.5,728,118,43.1,6.1,337,80,19.9,4.7,194,60,11.5,3.5,167,51,9.9,3.1,1691,99,1691,(X),77,48,4.6,2.8,426,110,25.2,5.7,612,99,36.2,5.8,576,97,34.1,6.0,1691,99,1691,(X),15,17,0.9,1.0,103,64,6.1,3.7,277,69,16.4,4.2,829,121,49.0,6.8,7,11,0.4,0.7,402,101,23.8,5.6,8,12,0.5,0.7,50,40,3.0,2.4,0,12,0.0,1.9,1691,99,1691,(X),9,14,0.5,0.9,6,9,0.4,0.5,18,18,1.1,1.0,1691,99,1691,(X),1674,97,99.0,1.1,17,18,1.0,1.1,0,12,0.0,1.9,1436,110,1436,(X),9,13,0.6,0.9,43,39,3.0,2.7,100,49,7.0,3.3,351,94,24.4,6.3,540,111,37.6,7.1,335,88,23.3,6.3,58,46,4.0,3.1,0,12,0.0,2.2,232000,14014,(X),(X),1436,110,1436,(X),1098,111,76.5,5.0,338,75,23.5,5.0,1098,111,1098,(X),0,12,0.0,2.9,26,23,2.4,2.1,176,59,16.0,5.2,414,107,37.7,9.3,304,101,27.7,8.4,126,81,11.5,7.3,52,31,4.7,2.8,1921,107,(X),(X),338,75,338,(X),17,17,5.0,5.1,8,13,2.4,3.8,61,33,18.0,9.9,106,56,31.4,14.2,87,59,25.7,15.4,59,34,17.5,9.9,763,76,(X),(X),1092,111,1092,(X),361,71,33.1,6.9,166,67,15.2,5.9,117,60,10.7,5.2,131,65,12.0,5.9,317,98,29.0,8.1,6,9,(X),(X),338,75,338,(X),140,58,41.4,15.3,66,50,19.5,13.9,51,44,15.1,12.1,25,22,7.4,6.4,21,21,6.2,6.2,8,12,2.4,3.7,27,35,8.0,10.0,0,12,(X),(X),238,60,238,(X),16,12,6.7,5.6,158,58,66.4,16.4,64,45,26.9,16.7,0,12,0.0,12.7,0,12,0.0,12.7,0,12,0.0,12.7,0,12,0.0,12.7,850,86,(X),(X),17,18,(X),(X),238,60,238,(X),0,12,0.0,12.7,7,12,2.9,4.9,8,13,3.4,5.5,49,39,20.6,14.9,0,12,0.0,12.7,174,58,73.1,14.6,17,18,(X),(X)
0600000US0901509190,0901509190,"Brooklyn town, Windham County, Connecticut",3160,216,3160,(X),2914,200,92.2,4.3,246,142,7.8,4.3,1.9,3.0,(X),(X),5.6,8.2,(X),(X),3160,216,3160,(X),2353,254,74.5,5.7,201,135,6.4,4.3,239,94,7.6,2.9,67,76,2.1,2.4,99,59,3.1,1.9,110,75,3.5,2.3,49,34,1.6,1.1,42,45,1.3,1.4,0,17,0.0,1.0,3160,216,3160,(X),0,17,0.0,1.0,12,19,0.4,0.6,260,115,8.2,3.6,309,106,9.8,3.3,397,125,12.6,3.7,518,159,16.4,4.8,541,173,17.1,5.6,382,140,12.1,4.2,150,94,4.7,3.0,591,167,18.7,5.2,3160,216,3160,(X),0,17,0.0,1.0,57,72,1.8,2.2,149,77,4.7,2.4,459,140,14.5,4.2,594,149,18.8,4.8,627,162,19.8,4.7,361,126,11.4,4.0,390,139,12.3,4.4,523,159,16.6,4.9,6.0,0.3,(X),(X),3160,216,3160,(X),12,20,0.4,0.6,225,110,7.1,3.4,866,197,27.4,5.8,1206,225,38.2,6.3,632,176,20.0,5.4,219,118,6.9,3.8,2914,200,2914,(X),2252,208,77.3,5.1,662,158,22.7,5.1,2.71,0.23,(X),(X),2.31,0.34,(X),(X),2914,200,2914,(X),25,29,0.9,1.0,437,149,15.0,4.9,1106,208,38.0,6.7,610,158,20.9,5.5,318,90,10.9,2.8,418,122,14.3,4.0,2914,200,2914,(X),146,62,5.0,2.1,929,207,31.9,6.4,1178,255,40.4,7.7,661,156,22.7,5.8,2914,200,2914,(X),156,95,5.4,3.2,75,73,2.6,2.5,256,97,8.8,3.4,2018,254,69.3,6.2,0,17,0.0,1.1,361,123,12.4,4.4,21,33,0.7,1.1,27,31,0.9,1.1,0,17,0.0,1.1,2914,200,2914,(X),0,17,0.0,1.1,0,17,0.0,1.1,13,21,0.4,0.7,2914,200,2914,(X),2914,200,100.0,1.1,0,17,0.0,1.1,0,17,0.0,1.1,2252,208,2252,(X),57,48,2.5,2.1,66,53,2.9,2.4,94,56,4.2,2.4,574,179,25.5,7.2,994,206,44.1,8.0,408,129,18.1,5.8,59,57,2.6,2.6,0,17,0.0,1.4,223100,9802,(X),(X),2252,208,2252,(X),1739,176,77.2,4.8,513,125,22.8,4.8,1739,176,1739,(X),27,33,1.6,1.9,130,74,7.5,4.3,514,165,29.6,8.7,588,179,33.8,9.2,373,153,21.4,8.8,79,46,4.5,2.6,28,37,1.6,2.1,1625,88,(X),(X),513,125,513,(X),0,17,0.0,6.1,19,21,3.7,4.2,255,98,49.7,14.6,195,90,38.0,13.5,34,28,6.6,5.5,10,15,1.9,2.9,586,54,(X),(X),1739,176,1739,(X),666,158,38.3,8.4,221,113,12.7,6.4,267,110,15.4,6.0,211,90,12.1,5.1,374,152,21.5,8.4,0,17,(X),(X),500,123,500,(X),141,68,28.2,11.0,107,73,21.4,12.1,101,55,20.2,11.2,47,37,9.4,6.9,26,31,5.2,6.0,19,21,3.8,4.5,59,40,11.8,8.3,13,21,(X),(X),618,151,618,(X),134,65,21.7,10.1,296,125,47.9,14.6,170,85,27.5,12.2,0,17,0.0,5.1,18,28,2.9,4.5,0,17,0.0,5.1,0,17,0.0,5.1,927,59,(X),(X),44,42,(X),(X),590,152,590,(X),42,41,7.1,7.1,67,44,11.4,7.3,79,77,13.4,11.9,80,73,13.6,11.2,26,32,4.4,5.3,296,105,50.2,14.5,72,52,(X),(X)
0600000US0901512130,0901512130,"Canterbury town, Windham County, Connecticut",2026,102,2026,(X),1891,81,93.3,3.9,135,82,6.7,3.9,2.4,2.6,(X),(X),0.0,14.8,(X),(X),2026,102,2026,(X),1868,109,92.2,3.0,0,17,0.0,1.6,52,43,2.6,2.1,20,23,1.0,1.1,17,15,0.8,0.7,0,17,0.0,1.6,35,22,1.7,1.1,34,27,1.7,1.3,0,17,0.0,1.6,2026,102,2026,(X),0,17,0.0,1.6,58,54,2.9,2.7,201,78,9.9,3.7,176,69,8.7,3.4,561,105,27.7,5.2,392,122,19.3,5.8,234,80,11.5,4.0,62,36,3.1,1.7,57,35,2.8,1.7,285,85,14.1,4.2,2026,102,2026,(X),0,17,0.0,1.6,27,16,1.3,0.8,121,55,6.0,2.7,192,75,9.5,3.6,448,113,22.1,5.7,433,127,21.4,6.1,440,119,21.7,5.8,163,62,8.0,3.1,202,79,10.0,3.9,6.0,0.3,(X),(X),2026,102,2026,(X),0,17,0.0,1.6,123,55,6.1,2.6,346,103,17.1,5.1,1168,136,57.7,6.4,357,114,17.6,5.5,32,29,1.6,1.5,1891,81,1891,(X),1689,91,89.3,3.7,202,71,10.7,3.7,2.80,0.13,(X),(X),1.85,0.28,(X),(X),1891,81,1891,(X),9,15,0.5,0.8,294,88,15.5,4.6,542,101,28.7,5.5,321,85,17.0,4.4,441,90,23.3,4.5,284,65,15.0,3.4,1891,81,1891,(X),66,46,3.5,2.4,423,118,22.4,5.8,642,128,34.0,6.8,760,126,40.2,6.7,1891,81,1891,(X),18,22,1.0,1.1,113,62,6.0,3.3,103,49,5.4,2.6,1195,137,63.2,6.1,0,17,0.0,1.7,394,105,20.8,5.6,0,17,0.0,1.7,59,45,3.1,2.4,9,15,0.5,0.8,1891,81,1891,(X),0,17,0.0,1.7,0,17,0.0,1.7,17,26,0.9,1.4,1891,81,1891,(X),1875,80,99.2,1.4,16,27,0.8,1.4,0,17,0.0,1.7,1689,91,1689,(X),22,19,1.3,1.1,34,31,2.0,1.8,174,64,10.3,3.6,412,119,24.4,7.0,650,129,38.5,7.3,346,99,20.5,5.7,13,19,0.8,1.1,38,27,2.2,1.6,234200,22464,(X),(X),1689,91,1689,(X),1197,115,70.9,6.1,492,110,29.1,6.1,1197,115,1197,(X),0,17,0.0,2.7,94,46,7.9,3.9,391,91,32.7,7.4,360,103,30.1,7.7,233,86,19.5,6.6,41,36,3.4,3.0,78,39,6.5,3.3,1649,121,(X),(X),492,110,492,(X),0,17,0.0,6.4,88,62,17.9,11.5,204,73,41.5,11.8,93,44,18.9,8.7,78,50,15.9,9.4,29,27,5.9,5.5,564,46,(X),(X),1188,111,1188,(X),462,112,38.9,9.0,225,78,18.9,6.2,120,59,10.1,5.0,77,43,6.5,3.6,304,98,25.6,7.7,9,15,(X),(X),492,110,492,(X),224,79,45.5,11.8,60,35,12.2,7.0,59,38,12.0,7.8,29,32,5.9,6.4,21,25,4.3,5.0,26,41,5.3,8.1,73,40,14.8,8.5,0,17,(X),(X),202,71,202,(X),19,16,9.4,8.2,108,48,53.5,17.2,53,40,26.2,16.9,22,34,10.9,15.8,0,17,0.0,14.8,0,17,0.0,14.8,0,17,0.0,14.8,853,114,(X),(X),0,17,(X),(X),202,71,202,(X),82,51,40.6,22.0,29,37,14.4,17.2,17,19,8.4,9.2,0,17,0.0,14.8,0,17,0.0,14.8,74,44,36.6,17.8,0,17,(X),(X)
0600000US0901513810,0901513810,"Chaplin town, Windham County, Connecticut",938,39,938,(X),839,53,89.4,5.0,99,48,10.6,5.0,0.6,1.1,(X),(X),23.0,15.7,(X),(X),938,39,938,(X),749,62,79.9,5.8,39,19,4.2,2.1,17,24,1.8,2.6,84,41,9.0,4.4,14,22,1.5,2.4,0,12,0.0,3.4,0,12,0.0,3.4,35,18,3.7,1.9,0,12,0.0,3.4,938,39,938,(X),0,12,0.0,3.4,4,7,0.4,0.8,59,34,6.3,3.6,119,43,12.7,4.6,146,49,15.6,5.1,109,51,11.6,5.4,81,37,8.6,3.9,139,43,14.8,4.5,40,28,4.3,3.0,241,69,25.7,7.4,938,39,938,(X),30,28,3.2,3.0,5,8,0.5,0.9,30,25,3.2,2.6,157,59,16.7,6.2,179,58,19.1,6.0,252,67,26.9,7.1,168,55,17.9,5.9,36,21,3.8,2.3,81,37,8.6,4.0,5.8,0.3,(X),(X),938,39,938,(X),30,28,3.2,3.0,37,24,3.9,2.6,300,63,32.0,6.5,419,67,44.7,7.0,130,48,13.9,5.1,22,19,2.3,2.1,839,53,839,(X),684,62,81.5,6.0,155,53,18.5,6.0,2.80,0.26,(X),(X),2.23,0.41,(X),(X),839,53,839,(X),17,18,2.0,2.1,143,49,17.0,5.5,245,52,29.2,6.2,212,56,25.3,6.5,82,33,9.8,4.0,140,34,16.7,3.7,839,53,839,(X),16,17,1.9,2.1,175,53,20.9,5.9,419,67,49.9,7.1,229,56,27.3,7.0,839,53,839,(X),22,26,2.6,3.1,48,28,5.7,3.4,57,36,6.8,4.2,550,76,65.6,8.3,4,6,0.5,0.7,149,55,17.8,6.6,5,7,0.6,0.8,4,6,0.5,0.7,0,12,0.0,3.8,839,53,839,(X),6,9,0.7,1.0,6,9,0.7,1.0,10,11,1.2,1.3,839,53,839,(X),839,53,100.0,3.8,0,12,0.0,3.8,0,12,0.0,3.8,684,62,684,(X),5,8,0.7,1.2,12,12,1.8,1.8,76,27,11.1,4.0,228,57,33.3,7.5,284,58,41.5,7.5,75,29,11.0,4.2,0,12,0.0,4.6,4,6,0.6,0.9,206000,12886,(X),(X),684,62,684,(X),487,55,71.2,4.8,197,38,28.8,4.8,487,55,487,(X),0,12,0.0,6.5,18,15,3.7,3.0,106,42,21.8,8.2,194,57,39.8,10.7,91,30,18.7,6.0,37,31,7.6,6.4,41,36,8.4,7.1,1838,75,(X),(X),197,38,197,(X),5,8,2.5,4.2,6,10,3.0,4.9,73,30,37.1,13.3,39,21,19.8,10.3,48,23,24.4,11.1,26,17,13.2,8.2,660,106,(X),(X),474,54,474,(X),143,51,30.2,9.6,123,40,25.9,7.9,52,25,11.0,5.2,26,16,5.5,3.4,130,44,27.4,9.3,13,21,(X),(X),197,38,197,(X),50,28,25.4,13.3,57,28,28.9,13.7,25,15,12.7,7.1,22,15,11.2,7.2,16,12,8.1,5.8,4,7,2.0,3.6,23,16,11.7,7.9,0,12,(X),(X),136,53,136,(X),0,12,0.0,21.1,85,42,62.5,21.3,39,34,28.7,21.8,12,13,8.8,10.0,0,12,0.0,21.1,0,12,0.0,21.1,0,12,0.0,21.1,882,109,(X),(X),19,21,(X),(X),136,53,136,(X),27,31,19.9,21.2,0,12,0.0,21.1,41,26,30.1,19.6,14,22,10.3,15.9,21,26,15.4,17.2,33,21,24.3,16.4,19,21,(X),(X)
0600000US0901521860,0901521860,"Eastford town, Windham County, Connecticut",783,41,783,(X),671,45,85.7,3.8,112,31,14.3,3.8,1.4,2.0,(X),(X),13.2,12.9,(X),(X),783,41,783,(X),679,48,86.7,5.1,15,13,1.9,1.7,7,7,0.9,0.9,12,15,1.5,1.9,14,17,1.8,2.1,8,13,1.0,1.6,0,12,0.0,4.1,48,32,6.1,4.0,0,12,0.0,4.1,783,41,783,(X),0,12,0.0,4.1,0,12,0.0,4.1,96,29,12.3,3.8,153,42,19.5,5.1,133,33,17.0,4.2,103,33,13.2,3.9,52,23,6.6,2.9,70,26,8.9,3.3,29,19,3.7,2.4,147,33,18.8,4.0,783,41,783,(X),17,17,2.2,2.2,2,4,0.3,0.5,58,31,7.4,3.8,107,38,13.7,4.8,103,32,13.2,4.1,167,35,21.3,4.2,128,34,16.3,4.4,135,33,17.2,4.1,66,25,8.4,3.1,6.1,0.3,(X),(X),783,41,783,(X),17,17,2.2,2.2,63,24,8.0,3.0,189,47,24.1,5.7,332,43,42.4,5.0,138,36,17.6,4.7,44,22,5.6,2.8,671,45,671,(X),572,43,85.2,5.4,99,39,14.8,5.4,2.75,0.22,(X),(X),1.62,0.26,(X),(X),671,45,671,(X),0,12,0.0,4.7,91,35,13.6,4.9,199,40,29.7,5.6,205,45,30.6,6.4,103,26,15.4,3.9,73,21,10.9,3.0,671,45,671,(X),20,17,3.0,2.4,174,41,25.9,5.8,255,51,38.0,6.5,222,41,33.1,6.4,671,45,671,(X),5,7,0.7,1.0,35,20,5.2,2.9,33,15,4.9,2.3,349,57,52.0,6.6,0,12,0.0,4.7,225,42,33.5,6.3,7,11,1.0,1.6,8,8,1.2,1.2,9,14,1.3,2.0,671,45,671,(X),0,12,0.0,4.7,3,5,0.4,0.7,3,5,0.4,0.7,671,45,671,(X),666,45,99.3,1.0,5,7,0.7,1.0,0,12,0.0,4.7,572,43,572,(X),3,4,0.5,0.7,2,5,0.3,0.8,53,18,9.3,3.2,113,28,19.8,5.1,262,54,45.8,7.9,116,36,20.3,6.1,23,15,4.0,2.5,0,12,0.0,5.5,248300,13444,(X),(X),572,43,572,(X),418,43,73.1,4.7,154,29,26.9,4.7,418,43,418,(X),3,4,0.7,0.9,32,15,7.7,3.7,88,30,21.1,6.6,155,33,37.1,6.9,93,30,22.2,7.1,26,20,6.2,4.5,21,16,5.0,3.7,1770,105,(X),(X),154,29,154,(X),0,12,0.0,18.9,6,6,3.9,3.9,64,23,41.6,11.7,43,17,27.9,9.8,28,14,18.2,8.6,13,9,8.4,5.5,632,71,(X),(X),416,43,416,(X),161,34,38.7,8.3,101,30,24.3,6.7,42,25,10.1,5.7,30,21,7.2,4.8,82,25,19.7,5.8,2,3,(X),(X),154,29,154,(X),31,13,20.1,7.8,64,28,41.6,13.1,24,13,15.6,7.8,9,7,5.8,4.5,5,5,3.2,3.4,4,5,2.6,3.5,17,10,11.0,7.0,0,12,(X),(X),97,39,97,(X),0,12,0.0,27.8,79,39,81.4,12.8,18,12,18.6,12.8,0,12,0.0,27.8,0,12,0.0,27.8,0,12,0.0,27.8,0,12,0.0,27.8,851,33,(X),(X),2,4,(X),(X),97,39,97,(X),19,14,19.6,12.5,20,22,20.6,18.2,0,12,0.0,27.8,8,7,8.2,7.0,15,16,15.5,15.8,35,22,36.1,19.3,2,4,(X),(X)
0600000US0901536000,0901536000,"Hampton town, Windham County, Connecticut",755,40,755,(X),726,44,96.2,2.8,29,21,3.8,2.8,1.0,1.5,(X),(X),6.5,9.9,(X),(X),755,40,755,(X),696,44,92.2,3.1,6,6,0.8,0.8,29,16,3.8,2.1,12,15,1.6,1.9,0,12,0.0,4.2,0,12,0.0,4.2,5,8,0.7,1.0,7,7,0.9,0.9,0,12,0.0,4.2,755,40,755,(X),0,12,0.0,4.2,9,6,1.2,0.8,83,25,11.0,3.5,90,25,11.9,3.3,124,30,16.4,3.9,82,27,10.9,3.4,54,25,7.2,3.3,44,16,5.8,2.1,33,19,4.4,2.5,236,40,31.3,4.9,755,40,755,(X),0,12,0.0,4.2,0,12,0.0,4.2,26,16,3.4,2.1,70,26,9.3,3.4,169,35,22.4,4.5,161,37,21.3,4.9,137,28,18.1,3.8,116,31,15.4,4.0,76,20,10.1,2.6,6.2,0.2,(X),(X),755,40,755,(X),0,12,0.0,4.2,48,20,6.4,2.6,163,32,21.6,3.9,401,43,53.1,5.5,122,30,16.2,3.9,21,10,2.8,1.4,726,44,726,(X),597,44,82.2,4.3,129,33,17.8,4.3,2.59,0.17,(X),(X),2.36,0.45,(X),(X),726,44,726,(X),0,12,0.0,4.4,137,37,18.9,4.9,252,39,34.7,5.2,115,33,15.8,4.2,141,34,19.4,4.6,81,23,11.2,3.1,726,44,726,(X),14,10,1.9,1.4,164,36,22.6,4.8,258,39,35.5,5.0,290,35,39.9,4.5,726,44,726,(X),7,8,1.0,1.1,28,16,3.9,2.2,51,23,7.0,3.1,418,48,57.6,5.8,0,12,0.0,4.4,200,37,27.5,4.8,6,6,0.8,0.8,12,9,1.7,1.2,4,5,0.6,0.7,726,44,726,(X),0,12,0.0,4.4,0,12,0.0,4.4,8,6,1.1,0.9,726,44,726,(X),723,45,99.6,0.7,3,5,0.4,0.7,0,12,0.0,4.4,597,44,597,(X),10,10,1.7,1.6,4,6,0.7,0.9,54,20,9.0,3.1,140,28,23.5,4.3,225,34,37.7,5.0,148,27,24.8,4.6,12,8,2.0,1.4,4,6,0.7,0.9,229400,9129,(X),(X),597,44,597,(X),416,43,69.7,5.6,181,37,30.3,5.6,416,43,416,(X),3,4,0.7,1.0,19,14,4.6,3.2,113,33,27.2,7.0,138,30,33.2,6.5,80,25,19.2,5.5,41,17,9.9,4.3,22,13,5.3,3.0,1750,103,(X),(X),181,37,181,(X),0,12,0.0,16.4,14,10,7.7,5.2,57,21,31.5,10.8,54,24,29.8,10.4,34,19,18.8,10.2,22,10,12.2,6.1,701,68,(X),(X),416,43,416,(X),157,32,37.7,6.6,64,20,15.4,4.7,70,25,16.8,5.3,34,15,8.2,3.8,91,24,21.9,5.1,0,12,(X),(X),181,37,181,(X),77,24,42.5,9.8,33,15,18.2,8.3,18,10,9.9,5.6,23,14,12.7,7.2,0,12,0.0,16.4,3,4,1.7,2.2,27,19,14.9,9.8,0,12,(X),(X),106,31,106,(X),16,9,15.1,8.7,10,8,9.4,7.9,51,26,48.1,17.9,16,15,15.1,14.2,13,14,12.3,12.6,0,12,0.0,25.9,0,12,0.0,25.9,1278,165,(X),(X),23,17,(X),(X),106,31,106,(X),3,4,2.8,3.8,23,20,21.7,17.4,16,8,15.1,8.3,9,8,8.5,7.0,0,12,0.0,25.9,55,27,51.9,19.4,23,17,(X),(X)
0600000US0901540500,0901540500,"Killingly town, Windham County, Connecticut",7811,358,7811,(X),6951,323,89.0,2.6,860,220,11.0,2.6,0.5,0.8,(X),(X),1.7,1.9,(X),(X),7811,358,7811,(X),5192,437,66.5,4.7,280,127,3.6,1.6,625,244,8.0,3.1,408,149,5.2,1.9,535,165,6.8,2.0,201,120,2.6,1.5,252,127,3.2,1.6,318,153,4.1,2.0,0,19,0.0,0.4,7811,358,7811,(X),0,19,0.0,0.4,65,52,0.8,0.7,938,189,12.0,2.5,464,142,5.9,1.8,1265,287,16.2,3.6,1220,261,15.6,3.3,826,192,10.6,2.5,727,156,9.3,1.9,276,135,3.5,1.7,2030,331,26.0,3.9,7811,358,7811,(X),100,72,1.3,0.9,313,123,4.0,1.6,569,239,7.3,3.0,1208,270,15.5,3.4,1882,290,24.1,3.8,1403,245,18.0,3.1,1376,327,17.6,4.0,435,143,5.6,1.8,525,150,6.7,1.9,5.4,0.2,(X),(X),7811,358,7811,(X),100,72,1.3,0.9,907,254,11.6,3.1,1906,269,24.4,3.3,3465,365,44.4,4.2,1175,276,15.0,3.5,258,129,3.3,1.7,6951,323,6951,(X),4823,383,69.4,4.4,2128,317,30.6,4.4,2.44,0.11,(X),(X),2.40,0.26,(X),(X),6951,323,6951,(X),70,74,1.0,1.1,1883,313,27.1,4.6,2618,393,37.7,5.0,961,188,13.8,2.8,688,200,9.9,2.8,731,169,10.5,2.3,6951,323,6951,(X),488,179,7.0,2.5,2237,340,32.2,4.3,2799,320,40.3,4.4,1427,279,20.5,4.1,6951,323,6951,(X),1006,233,14.5,3.2,447,164,6.4,2.4,973,248,14.0,3.3,3708,300,53.3,4.1,0,19,0.0,0.5,663,211,9.5,2.9,48,61,0.7,0.9,77,61,1.1,0.9,29,45,0.4,0.6,6951,323,6951,(X),0,19,0.0,0.5,0,19,0.0,0.5,179,102,2.6,1.5,6951,323,6951,(X),6746,333,97.1,1.5,197,105,2.8,1.5,8,12,0.1,0.2,4823,383,4823,(X),139,79,2.9,1.5,198,103,4.1,2.1,956,218,19.8,4.1,1500,267,31.1,4.8,1317,221,27.3,4.4,639,165,13.2,3.4,42,41,0.9,0.9,32,38,0.7,0.8,188500,6360,(X),(X),4823,383,4823,(X),3435,359,71.2,4.3,1388,222,28.8,4.3,3435,359,3435,(X),37,44,1.1,1.2,229,95,6.7,2.6,1332,248,38.8,5.9,1116,224,32.5,5.6,479,157,13.9,4.7,188,88,5.5,2.5,54,55,1.6,1.6,1552,79,(X),(X),1388,222,1388,(X),26,31,1.9,2.3,180,133,13.0,9.0,490,145,35.3,9.1,518,165,37.3,9.8,130,69,9.4,4.9,44,34,3.2,2.5,599,50,(X),(X),3411,356,3411,(X),1146,229,33.6,5.6,509,150,14.9,4.2,361,136,10.6,3.9,291,133,8.5,3.9,1104,251,32.4,6.2,24,39,(X),(X),1388,222,1388,(X),413,128,29.8,7.9,261,130,18.8,8.6,130,77,9.4,5.4,163,99,11.7,6.9,83,55,6.0,3.9,26,27,1.9,2.0,312,139,22.5,9.2,0,19,(X),(X),2101,309,2101,(X),200,83,9.5,3.9,1054,248,50.2,9.5,617,209,29.4,9.0,174,118,8.3,5.5,0,19,0.0,1.5,56,74,2.7,3.4,0,19,0.0,1.5,889,77,(X),(X),27,31,(X),(X),2091,306,2091,(X),314,133,15.0,6.4,213,115,10.2,5.4,244,139,11.7,6.1,347,159,16.6,7.4,131,62,6.3,3.2,842,241,40.3,9.3,37,34,(X),(X)
0600000US0901559980,0901559980,"Plainfield town, Windham County, Connecticut",6468,260,6468,(X),5714,238,88.3,3.3,754,226,11.7,3.3,1.1,1.0,(X),(X),11.8,7.2,(X),(X),6468,260,6468,(X),4304,318,66.5,4.4,471,149,7.3,2.3,535,151,8.3,2.3,322,122,5.0,1.9,328,108,5.1,1.7,195,102,3.0,1.6,98,47,1.5,0.7,215,116,3.3,1.8,0,19,0.0,0.5,6468,260,6468,(X),13,20,0.2,0.3,22,27,0.3,0.4,410,139,6.3,2.1,469,139,7.3,2.1,1066,197,16.5,3.0,831,163,12.8,2.6,771,147,11.9,2.4,534,153,8.3,2.3,369,159,5.7,2.4,1983,291,30.7,4.2,6468,260,6468,(X),108,101,1.7,1.5,80,54,1.2,0.8,505,180,7.8,2.7,834,199,12.9,3.1,1753,310,27.1,4.6,1365,271,21.1,4.0,764,193,11.8,3.0,436,122,6.7,1.9,623,177,9.6,2.7,5.5,0.2,(X),(X),6468,260,6468,(X),108,101,1.7,1.5,606,189,9.4,2.9,1604,278,24.8,4.3,3044,354,47.1,4.9,853,191,13.2,3.0,253,118,3.9,1.8,5714,238,5714,(X),4137,238,72.4,4.0,1577,258,27.6,4.0,2.74,0.12,(X),(X),2.33,0.28,(X),(X),5714,238,5714,(X),20,32,0.4,0.6,1408,244,24.6,4.0,2122,256,37.1,4.0,874,197,15.3,3.4,679,163,11.9,2.8,611,140,10.7,2.6,5714,238,5714,(X),436,141,7.6,2.4,1618,250,28.3,3.8,2294,287,40.1,4.7,1366,225,23.9,4.2,5714,238,5714,(X),414,135,7.2,2.3,330,135,5.8,2.3,858,200,15.0,3.3,3637,230,63.7,3.9,0,19,0.0,0.6,423,145,7.4,2.5,0,19,0.0,0.6,52,44,0.9,0.8,0,19,0.0,0.6,5714,238,5714,(X),0,19,0.0,0.6,8,14,0.1,0.2,94,65,1.6,1.1,5714,238,5714,(X),5596,247,97.9,1.4,94,63,1.6,1.1,24,37,0.4,0.6,4137,238,4137,(X),196,89,4.7,2.2,129,69,3.1,1.6,815,169,19.7,4.0,1593,225,38.5,4.8,1088,199,26.3,4.5,285,94,6.9,2.3,31,41,0.7,1.0,0,19,0.0,0.8,171600,4878,(X),(X),4137,238,4137,(X),3105,261,75.1,4.1,1032,176,24.9,4.1,3105,261,3105,(X),53,42,1.7,1.4,314,139,10.1,4.3,970,172,31.2,4.9,1113,198,35.8,5.3,305,113,9.8,3.7,245,124,7.9,3.9,105,80,3.4,2.6,1586,65,(X),(X),1032,176,1032,(X),15,18,1.5,1.8,103,61,10.0,5.9,457,144,44.3,10.1,231,88,22.4,7.9,181,78,17.5,7.1,45,32,4.4,3.0,580,33,(X),(X),3098,260,3098,(X),963,177,31.1,5.6,585,142,18.9,4.3,458,162,14.8,4.9,404,142,13.0,4.4,688,191,22.2,5.8,7,11,(X),(X),1032,176,1032,(X),295,113,28.6,9.2,194,84,18.8,7.6,113,75,10.9,6.9,198,86,19.2,8.1,98,71,9.5,6.8,36,41,3.5,3.8,98,63,9.5,5.9,0,19,(X),(X),1433,271,1433,(X),264,138,18.4,8.0,667,178,46.5,9.0,409,112,28.5,7.4,93,66,6.5,4.7,0,19,0.0,2.2,0,19,0.0,2.2,0,19,0.0,2.2,799,102,(X),(X),144,102,(X),(X),1433,271,1433,(X),186,121,13.0,7.6,267,110,18.6,7.1,89,52,6.2,3.6,156,109,10.9,7.3,227,142,15.8,9.1,508,133,35.5,9.5,144,102,(X),(X)
0600000US0901561030,0901561030,"Pomfret town, Windham County, Connecticut",1575,151,1575,(X),1476,125,93.7,4.6,99,78,6.3,4.6,0.0,2.8,(X),(X),10.1,11.9,(X),(X),1575,151,1575,(X),1172,111,74.4,8.0,41,43,2.6,2.7,94,66,6.0,4.0,33,23,2.1,1.4,22,33,1.4,2.1,30,34,1.9,2.2,121,73,7.7,4.4,62,57,3.9,3.5,0,12,0.0,2.0,1575,151,1575,(X),0,12,0.0,2.0,0,12,0.0,2.0,193,84,12.3,5.4,286,71,18.2,4.5,308,103,19.6,6.2,218,104,13.8,6.1,96,44,6.1,2.7,103,56,6.5,3.4,7,12,0.4,0.8,364,90,23.1,5.5,1575,151,1575,(X),0,12,0.0,2.0,8,12,0.5,0.8,187,97,11.9,5.6,117,72,7.4,4.6,219,99,13.9,5.8,279,90,17.7,5.5,277,71,17.6,4.7,168,66,10.7,3.9,320,77,20.3,5.4,6.4,0.4,(X),(X),1575,151,1575,(X),0,12,0.0,2.0,208,97,13.2,5.5,321,105,20.4,6.0,587,129,37.3,7.5,324,84,20.6,5.5,135,68,8.6,4.6,1476,125,1476,(X),1133,113,76.8,7.1,343,118,23.2,7.1,2.89,0.25,(X),(X),2.08,0.45,(X),(X),1476,125,1476,(X),34,41,2.3,2.8,222,82,15.0,5.2,626,132,42.4,7.8,297,81,20.1,5.8,129,50,8.7,3.3,168,50,11.4,3.3,1476,125,1476,(X),77,52,5.2,3.4,406,138,27.5,7.8,562,86,38.1,6.1,431,106,29.2,7.7,1476,125,1476,(X),16,19,1.1,1.3,86,42,5.8,2.8,175,86,11.9,5.4,942,112,63.8,6.5,12,19,0.8,1.3,231,89,15.7,6.1,0,12,0.0,2.2,8,12,0.5,0.8,6,11,0.4,0.8,1476,125,1476,(X),0,12,0.0,2.2,0,12,0.0,2.2,8,12,0.5,0.8,1476,125,1476,(X),1476,125,100.0,2.2,0,12,0.0,2.2,0,12,0.0,2.2,1133,113,1133,(X),23,21,2.0,1.8,42,35,3.7,3.0,25,23,2.2,2.0,170,65,15.0,5.6,350,109,30.9,8.6,393,93,34.7,7.8,123,51,10.9,4.5,7,10,0.6,0.9,289100,22097,(X),(X),1133,113,1133,(X),915,104,80.8,5.6,218,70,19.2,5.6,915,104,915,(X),7,11,0.8,1.2,62,36,6.8,3.8,173,60,18.9,5.8,189,61,20.7,6.0,209,76,22.8,7.9,96,54,10.5,5.9,179,67,19.6,7.2,2063,180,(X),(X),218,70,218,(X),7,10,3.2,4.8,7,11,3.2,5.1,24,21,11.0,9.1,58,38,26.6,13.9,83,47,38.1,16.9,39,25,17.9,12.3,824,67,(X),(X),915,104,915,(X),379,110,41.4,10.2,244,81,26.7,8.5,57,40,6.2,4.4,50,34,5.5,3.6,185,69,20.2,7.5,0,12,(X),(X),218,70,218,(X),80,36,36.7,14.5,46,35,21.1,13.7,14,15,6.4,7.3,15,17,6.9,7.7,43,35,19.7,13.4,14,16,6.4,7.2,6,10,2.8,4.7,0,12,(X),(X),310,117,310,(X),41,45,13.2,12.7,208,94,67.1,17.6,39,42,12.6,13.6,15,17,4.8,5.7,7,11,2.3,3.6,0,12,0.0,9.9,0,12,0.0,9.9,850,52,(X),(X),33,39,(X),(X),310,117,310,(X),15,15,4.8,5.4,124,93,40.0,21.5,34,33,11.0,10.5,33,41,10.6,13.4,15,17,4.8,5.9,89,59,28.7,17.8,33,39,(X),(X)
0600000US0901562710,0901562710,"Putnam town, Windham County, Connecticut",4225,302,4225,(X),3837,281,90.8,3.7,388,165,9.2,3.7,0.7,1.0,(X),(X),2.9,3.4,(X),(X),4225,302,4225,(X),2021,254,47.8,4.7,293,130,6.9,3.0,623,185,14.7,4.3,859,239,20.3,5.5,273,95,6.5,2.2,52,41,1.2,1.0,92,44,2.2,1.1,12,20,0.3,0.5,0,17,0.0,0.8,4225,302,4225,(X),0,17,0.0,0.8,10,10,0.2,0.2,450,138,10.7,3.1,196,95,4.6,2.2,388,102,9.2,2.4,368,95,8.7,2.3,406,146,9.6,3.3,345,119,8.2,2.8,158,78,3.7,1.8,1904,254,45.1,5.3,4225,302,4225,(X),109,107,2.6,2.5,61,51,1.4,1.2,315,125,7.5,2.8,707,205,16.7,4.5,1065,245,25.2,5.7,688,162,16.3,3.8,557,173,13.2,3.9,399,143,9.4,3.4,324,81,7.7,1.9,5.4,0.2,(X),(X),4225,302,4225,(X),109,107,2.6,2.5,465,155,11.0,3.5,1540,269,36.4,5.6,1539,221,36.4,5.1,466,127,11.0,3.0,106,56,2.5,1.3,3837,281,3837,(X),2212,285,57.6,5.4,1625,221,42.4,5.4,2.41,0.18,(X),(X),2.34,0.31,(X),(X),3837,281,3837,(X),47,60,1.2,1.5,1355,231,35.3,6.1,1177,241,30.7,5.4,547,171,14.3,4.2,318,91,8.3,2.4,393,108,10.2,2.8,3837,281,3837,(X),421,169,11.0,4.3,1517,279,39.5,6.0,1221,216,31.8,5.4,678,160,17.7,4.3,3837,281,3837,(X),839,210,21.9,5.1,158,61,4.1,1.6,606,145,15.8,3.9,1967,260,51.3,5.3,0,17,0.0,0.8,232,67,6.0,1.7,0,17,0.0,0.8,35,27,0.9,0.7,0,17,0.0,0.8,3837,281,3837,(X),0,17,0.0,0.8,0,17,0.0,0.8,52,34,1.4,0.9,3837,281,3837,(X),3753,291,97.8,2.1,31,34,0.8,0.9,53,85,1.4,2.2,2212,285,2212,(X),41,34,1.9,1.5,147,106,6.6,4.5,463,160,20.9,6.7,655,172,29.6,6.7,679,120,30.7,5.0,165,49,7.5,2.1,43,27,1.9,1.2,19,21,0.9,1.0,178900,12676,(X),(X),2212,285,2212,(X),1470,246,66.5,6.4,742,164,33.5,6.4,1470,246,1470,(X),12,13,0.8,0.9,124,65,8.4,4.1,464,146,31.6,8.0,582,166,39.6,8.6,218,78,14.8,5.3,48,25,3.3,1.6,22,17,1.5,1.1,1609,90,(X),(X),742,164,742,(X),4,6,0.5,0.9,129,90,17.4,10.5,156,57,21.0,7.6,262,84,35.3,10.0,102,57,13.7,7.5,89,76,12.0,9.5,640,37,(X),(X),1464,245,1464,(X),450,122,30.7,7.7,191,97,13.0,6.5,256,138,17.5,8.2,154,60,10.5,4.1,413,115,28.2,6.1,6,8,(X),(X),729,157,729,(X),153,50,21.0,6.3,175,69,24.0,8.6,90,51,12.3,6.7,82,52,11.2,7.7,66,68,9.1,8.6,0,17,0.0,4.4,163,94,22.4,10.3,13,21,(X),(X),1534,208,1534,(X),146,87,9.5,5.6,951,199,62.0,9.3,422,140,27.5,8.5,15,19,1.0,1.2,0,17,0.0,2.1,0,17,0.0,2.1,0,17,0.0,2.1,843,75,(X),(X),91,75,(X),(X),1534,208,1534,(X),234,123,15.3,7.6,175,91,11.4,5.9,295,182,19.2,11.5,207,107,13.5,6.9,92,60,6.0,4.0,531,178,34.6,10.3,91,75,(X),(X)
0600000US0901567400,0901567400,"Scotland town, Windham County, Connecticut",646,31,646,(X),589,43,91.2,4.8,57,31,8.8,4.8,1.8,2.7,(X),(X),17.4,20.3,(X),(X),646,31,646,(X),565,41,87.5,4.7,11,10,1.7,1.5,47,26,7.3,4.0,10,15,1.5,2.3,0,12,0.0,4.9,0,12,0.0,4.9,0,12,0.0,4.9,13,10,2.0,1.5,0,12,0.0,4.9,646,31,646,(X),0,12,0.0,4.9,3,5,0.5,0.8,65,21,10.1,3.3,123,38,19.0,5.6,140,37,21.7,5.7,30,18,4.6,2.7,81,33,12.5,5.0,47,23,7.3,3.6,6,6,0.9,1.0,151,41,23.4,6.3,646,31,646,(X),0,12,0.0,4.9,23,21,3.6,3.2,24,17,3.7,2.7,63,29,9.8,4.4,108,37,16.7,5.6,123,35,19.0,5.3,146,43,22.6,6.4,83,33,12.8,5.1,76,27,11.8,4.3,6.4,0.4,(X),(X),646,31,646,(X),0,12,0.0,4.9,40,23,6.2,3.5,141,41,21.8,6.2,304,49,47.1,7.1,77,33,11.9,5.1,84,39,13.0,6.0,589,43,589,(X),532,52,90.3,3.8,57,22,9.7,3.8,2.90,0.25,(X),(X),2.65,0.80,(X),(X),589,43,589,(X),3,4,0.5,0.6,50,22,8.5,3.8,213,45,36.2,7.2,104,31,17.7,5.2,179,39,30.4,6.4,40,20,6.8,3.3,589,43,589,(X),19,19,3.2,3.1,61,21,10.4,3.4,256,44,43.5,7.2,253,49,43.0,7.7,589,43,589,(X),0,12,0.0,5.4,21,18,3.6,3.1,52,26,8.8,4.3,359,61,61.0,8.4,0,12,0.0,5.4,148,41,25.1,7.1,0,12,0.0,5.4,9,8,1.5,1.4,0,12,0.0,5.4,589,43,589,(X),3,4,0.5,0.7,0,12,0.0,5.4,6,6,1.0,1.0,589,43,589,(X),586,43,99.5,0.7,3,4,0.5,0.7,0,12,0.0,5.4,532,52,532,(X),12,8,2.3,1.6,8,9,1.5,1.6,40,22,7.5,3.9,129,34,24.2,6.5,226,41,42.5,6.3,98,31,18.4,5.3,19,15,3.6,2.8,0,12,0.0,5.9,232400,14569,(X),(X),532,52,532,(X),401,51,75.4,5.8,131,32,24.6,5.8,401,51,401,(X),0,12,0.0,7.8,34,25,8.5,6.1,84,29,20.9,6.3,118,35,29.4,8.4,108,33,26.9,7.8,36,21,9.0,5.4,21,16,5.2,3.7,1815,165,(X),(X),131,32,131,(X),5,5,3.8,4.0,4,5,3.1,4.0,20,11,15.3,7.7,50,22,38.2,12.7,30,15,22.9,11.0,22,17,16.8,11.8,764,41,(X),(X),401,51,401,(X),89,33,22.2,7.7,80,35,20.0,8.3,54,29,13.5,7.0,30,15,7.5,3.8,148,43,36.9,9.7,0,12,(X),(X),131,32,131,(X),53,24,40.5,14.2,31,21,23.7,13.2,22,13,16.8,9.1,0,12,0.0,21.7,9,8,6.9,5.7,0,12,0.0,21.7,16,11,12.2,8.5,0,12,(X),(X),36,22,36,(X),0,12,0.0,49.4,27,21,75.0,26.0,9,9,25.0,26.0,0,12,0.0,49.4,0,12,0.0,49.4,0,12,0.0,49.4,0,12,0.0,49.4,944,151,(X),(X),21,18,(X),(X),36,22,36,(X),8,13,22.2,31.1,12,8,33.3,26.3,13,15,36.1,34.5,3,5,8.3,16.4,0,12,0.0,49.4,0,12,0.0,49.4,21,18,(X),(X)
0600000US0901573420,0901573420,"Sterling town, Windham County, Connecticut",1274,100,1274,(X),1239,89,97.3,3.5,35,46,2.7,3.5,0.0,2.9,(X),(X),0.0,20.2,(X),(X),1274,100,1274,(X),1127,104,88.5,5.5,52,58,4.1,4.6,33,27,2.6,2.1,30,46,2.4,3.6,3,12,0.2,1.0,0,12,0.0,2.5,0,12,0.0,2.5,29,21,2.3,1.6,0,12,0.0,2.5,1274,100,1274,(X),0,12,0.0,2.5,31,41,2.4,3.2,249,94,19.5,7.1,186,75,14.6,5.8,325,86,25.5,6.6,125,55,9.8,4.2,63,38,4.9,3.0,30,27,2.4,2.1,24,21,1.9,1.7,241,79,18.9,6.1,1274,100,1274,(X),0,12,0.0,2.5,7,10,0.5,0.8,22,21,1.7,1.7,163,79,12.8,6.1,390,99,30.6,7.1,281,96,22.1,7.2,194,78,15.2,6.2,195,65,15.3,5.2,22,18,1.7,1.4,5.7,0.3,(X),(X),1274,100,1274,(X),0,12,0.0,2.5,43,32,3.4,2.4,297,97,23.3,7.4,768,104,60.3,7.3,165,80,13.0,6.1,1,5,0.1,0.4,1239,89,1239,(X),1096,112,88.5,5.7,143,70,11.5,5.7,3.04,0.22,(X),(X),3.20,0.81,(X),(X),1239,89,1239,(X),0,12,0.0,2.6,242,82,19.5,6.7,478,101,38.6,7.1,294,88,23.7,7.0,160,61,12.9,5.0,65,44,5.2,3.5,1239,89,1239,(X),11,16,0.9,1.3,192,80,15.5,5.9,588,98,47.5,7.9,448,98,36.2,7.8,1239,89,1239,(X),8,15,0.6,1.2,131,78,10.6,6.3,109,57,8.8,4.4,708,119,57.1,9.2,0,12,0.0,2.6,245,82,19.8,6.4,0,12,0.0,2.6,38,28,3.1,2.3,0,12,0.0,2.6,1239,89,1239,(X),0,12,0.0,2.6,0,12,0.0,2.6,0,12,0.0,2.6,1239,89,1239,(X),1189,127,96.0,4.3,50,51,4.0,4.3,0,12,0.0,2.6,1096,112,1096,(X),29,24,2.6,2.2,63,37,5.7,3.4,126,53,11.5,4.8,296,99,27.0,8.1,382,113,34.9,9.8,185,74,16.9,6.7,7,11,0.6,1.0,8,13,0.7,1.2,208800,22667,(X),(X),1096,112,1096,(X),863,105,78.7,5.0,233,58,21.3,5.0,863,105,863,(X),13,14,1.5,1.6,88,52,10.2,5.9,112,44,13.0,5.2,337,93,39.0,9.6,199,73,23.1,8.4,99,70,11.5,7.6,15,17,1.7,2.0,1857,91,(X),(X),233,58,233,(X),0,12,0.0,13.0,12,15,5.2,6.3,120,51,51.5,18.3,30,26,12.9,10.4,34,32,14.6,12.9,37,29,15.9,12.7,570,84,(X),(X),863,105,863,(X),200,69,23.2,8.1,271,88,31.4,9.5,42,29,4.9,3.2,98,54,11.4,6.1,252,92,29.2,9.7,0,12,(X),(X),226,56,226,(X),58,37,25.7,14.0,69,39,30.5,14.4,49,30,21.7,14.1,10,16,4.4,6.8,0,12,0.0,13.4,8,13,3.5,5.7,32,30,14.2,12.4,7,11,(X),(X),102,61,102,(X),0,12,0.0,26.7,50,44,49.0,32.6,37,46,36.3,35.2,15,18,14.7,19.0,0,12,0.0,26.7,0,12,0.0,26.7,0,12,0.0,26.7,1036,568,(X),(X),41,44,(X),(X),102,61,102,(X),0,12,0.0,26.7,32,42,31.4,34.3,3,12,2.9,11.9,27,44,26.5,35.6,0,12,0.0,26.7,40,26,39.2,30.3,41,44,(X),(X)
0600000US0901575870,0901575870,"Thompson town, Windham County, Connecticut",4132,168,4132,(X),3736,148,90.4,2.8,396,122,9.6,2.8,0.0,1.1,(X),(X),3.3,5.2,(X),(X),4132,168,4132,(X),3266,209,79.0,3.9,80,53,1.9,1.3,355,141,8.6,3.5,180,84,4.4,2.0,68,62,1.6,1.5,5,8,0.1,0.2,57,30,1.4,0.7,121,58,2.9,1.4,0,17,0.0,0.8,4132,168,4132,(X),0,17,0.0,0.8,9,14,0.2,0.3,321,96,7.8,2.3,447,121,10.8,2.9,589,135,14.3,3.2,452,141,10.9,3.5,463,109,11.2,2.6,528,133,12.8,3.1,291,106,7.0,2.5,1032,206,25.0,4.8,4132,168,4132,(X),40,49,1.0,1.2,27,22,0.7,0.5,278,105,6.7,2.5,536,139,13.0,3.2,996,165,24.1,4.1,857,169,20.7,3.9,607,138,14.7,3.4,304,80,7.4,1.9,487,119,11.8,2.8,5.7,0.3,(X),(X),4132,168,4132,(X),49,54,1.2,1.3,384,120,9.3,2.8,1035,174,25.0,4.1,1880,225,45.5,5.0,616,143,14.9,3.5,168,75,4.1,1.8,3736,148,3736,(X),2978,194,79.7,3.8,758,145,20.3,3.8,2.48,0.11,(X),(X),2.48,0.38,(X),(X),3736,148,3736,(X),10,15,0.3,0.4,808,182,21.6,4.7,1036,161,27.7,4.3,787,167,21.1,4.5,452,121,12.1,3.2,643,111,17.2,2.9,3736,148,3736,(X),72,42,1.9,1.1,1124,205,30.1,4.8,1654,199,44.3,5.5,886,152,23.7,4.1,3736,148,3736,(X),84,62,2.2,1.7,188,96,5.0,2.6,335,99,9.0,2.6,2538,189,67.9,4.6,0,17,0.0,0.9,497,131,13.3,3.4,0,17,0.0,0.9,86,44,2.3,1.2,8,13,0.2,0.4,3736,148,3736,(X),0,17,0.0,0.9,0,17,0.0,0.9,44,31,1.2,0.8,3736,148,3736,(X),3706,151,99.2,1.2,0,17,0.0,0.9,30,47,0.8,1.2,2978,194,2978,(X),123,55,4.1,1.8,68,35,2.3,1.2,525,125,17.6,3.9,815,150,27.4,4.6,836,147,28.1,4.7,540,133,18.1,4.3,54,35,1.8,1.2,17,22,0.6,0.7,197200,10251,(X),(X),2978,194,2978,(X),1997,175,67.1,4.1,981,140,32.9,4.1,1997,175,1997,(X),15,17,0.8,0.8,295,95,14.8,4.7,698,160,35.0,6.9,533,130,26.7,6.0,244,85,12.2,4.2,152,69,7.6,3.4,60,35,3.0,1.7,1495,87,(X),(X),981,140,981,(X),24,24,2.4,2.4,151,68,15.4,6.7,415,106,42.3,8.8,229,66,23.3,6.1,117,74,11.9,7.1,45,30,4.6,3.1,562,31,(X),(X),1997,175,1997,(X),838,138,42.0,6.0,383,110,19.2,4.9,324,87,16.2,4.5,175,70,8.8,3.4,277,84,13.9,4.0,0,17,(X),(X),972,140,972,(X),260,97,26.7,8.0,195,74,20.1,7.5,158,57,16.3,5.6,113,58,11.6,5.9,58,40,6.0,4.1,52,37,5.3,3.8,136,75,14.0,7.4,9,14,(X),(X),726,143,726,(X),116,62,16.0,8.9,335,130,46.1,13.2,165,79,22.7,10.8,80,63,11.0,8.7,30,33,4.1,4.6,0,17,0.0,4.4,0,17,0.0,4.4,882,212,(X),(X),32,29,(X),(X),717,146,717,(X),154,97,21.5,12.9,95,82,13.2,11.0,54,49,7.5,6.7,78,42,10.9,6.0,78,63,10.9,8.8,258,112,36.0,13.8,41,35,(X),(X)
0600000US0901586790,0901586790,"Windham town, Windham County, Connecticut",9676,379,9676,(X),8898,396,92.0,2.2,778,216,8.0,2.2,2.1,2.1,(X),(X),7.3,2.7,(X),(X),9676,379,9676,(X),4127,299,42.7,2.6,500,137,5.2,1.4,1217,214,12.6,2.1,1361,241,14.1,2.5,1218,201,12.6,2.1,323,140,3.3,1.4,478,113,4.9,1.1,452,126,4.7,1.3,0,22,0.0,0.3,9676,379,9676,(X),0,22,0.0,0.3,109,73,1.1,0.8,618,184,6.4,1.9,469,166,4.8,1.7,1068,211,11.0,2.1,1293,197,13.4,2.0,1020,213,10.5,2.2,1151,204,11.9,2.2,684,198,7.1,2.0,3264,320,33.7,2.9,9676,379,9676,(X),228,116,2.4,1.2,213,115,2.2,1.2,1135,202,11.7,2.0,1934,287,20.0,2.9,2574,356,26.6,3.6,1737,259,18.0,2.5,994,202,10.3,2.0,417,127,4.3,1.3,444,145,4.6,1.5,5.0,0.1,(X),(X),9676,379,9676,(X),252,121,2.6,1.2,1420,235,14.7,2.3,3291,312,34.0,3.1,3522,339,36.4,3.0,897,211,9.3,2.2,294,85,3.0,0.9,8898,396,8898,(X),4350,349,48.9,2.9,4548,301,51.1,2.9,2.38,0.12,(X),(X),2.48,0.14,(X),(X),8898,396,8898,(X),224,126,2.5,1.4,2938,285,33.0,2.9,3220,306,36.2,3.2,829,194,9.3,2.0,737,167,8.3,1.8,950,163,10.7,1.8,8898,396,8898,(X),1154,229,13.0,2.5,3692,385,41.5,3.6,2742,298,30.8,3.3,1310,231,14.7,2.6,8898,396,8898,(X),2245,232,25.2,2.3,390,104,4.4,1.2,1392,234,15.6,2.6,4452,367,50.0,3.3,0,22,0.0,0.4,365,109,4.1,1.2,0,22,0.0,0.4,54,44,0.6,0.5,0,22,0.0,0.4,8898,396,8898,(X),30,34,0.3,0.4,92,79,1.0,0.9,143,65,1.6,0.7,8898,396,8898,(X),8609,408,96.8,1.3,189,105,2.1,1.2,100,63,1.1,0.7,4350,349,4350,(X),291,100,6.7,2.3,381,106,8.8,2.3,1240,247,28.5,4.8,1325,211,30.5,4.9,866,220,19.9,4.6,194,93,4.5,2.1,38,37,0.9,0.8,15,24,0.3,0.6,159900,7423,(X),(X),4350,349,4350,(X),2949,324,67.8,4.4,1401,212,32.2,4.4,2949,324,2949,(X),28,25,0.9,0.8,284,132,9.6,4.1,1014,186,34.4,5.4,942,213,31.9,6.7,419,162,14.2,5.1,201,101,6.8,3.4,61,51,2.1,1.7,1579,91,(X),(X),1401,212,1401,(X),101,78,7.2,5.3,49,37,3.5,2.6,358,110,25.6,6.5,580,123,41.4,8.0,215,85,15.3,5.3,98,55,7.0,3.7,663,29,(X),(X),2949,324,2949,(X),912,191,30.9,5.5,394,155,13.4,5.1,412,142,14.0,4.6,367,115,12.4,3.7,864,212,29.3,6.1,0,22,(X),(X),1401,212,1401,(X),397,136,28.3,8.4,261,77,18.6,5.3,250,104,17.8,6.7,60,34,4.3,2.5,105,64,7.5,4.3,44,38,3.1,2.8,284,108,20.3,7.1,0,22,(X),(X),4431,301,4431,(X),1254,235,28.3,4.8,2101,254,47.4,4.6,835,164,18.8,3.7,98,77,2.2,1.7,143,76,3.2,1.7,0,22,0.0,0.7,0,22,0.0,0.7,771,59,(X),(X),117,69,(X),(X),4411,300,4411,(X),457,165,10.4,3.6,522,150,11.8,3.2,366,118,8.3,2.7,382,144,8.7,3.2,574,179,13.0,3.9,2110,252,47.8,4.9,137,76,(X),(X)
0600000US0901588190,0901588190,"Woodstock town, Windham County, Connecticut",3809,193,3809,(X),3104,210,81.5,4.2,705,168,18.5,4.2,5.2,4.2,(X),(X),17.3,18.9,(X),(X),3809,193,3809,(X),3317,246,87.1,4.8,141,80,3.7,2.1,14,23,0.4,0.6,67,70,1.8,1.9,149,109,3.9,2.8,49,77,1.3,2.0,0,17,0.0,0.8,72,86,1.9,2.3,0,17,0.0,0.8,3809,193,3809,(X),0,17,0.0,0.8,29,34,0.8,0.9,535,162,14.0,4.3,405,123,10.6,3.3,984,203,25.8,5.1,555,177,14.6,4.6,203,101,5.3,2.5,402,130,10.6,3.3,115,74,3.0,1.9,581,171,15.3,4.5,3809,193,3809,(X),44,68,1.2,1.8,32,35,0.8,0.9,161,109,4.2,2.9,739,202,19.4,5.4,465,151,12.2,3.9,694,226,18.2,5.6,702,160,18.4,4.4,519,157,13.6,4.0,453,134,11.9,3.4,6.2,0.3,(X),(X),3809,193,3809,(X),44,68,1.2,1.8,377,135,9.9,3.5,739,216,19.4,5.7,1911,251,50.2,6.2,549,110,14.4,2.8,189,114,5.0,3.0,3104,210,3104,(X),2693,222,86.8,5.8,411,189,13.2,5.8,2.62,0.18,(X),(X),2.02,0.54,(X),(X),3104,210,3104,(X),42,49,1.4,1.6,536,210,17.3,6.6,1026,181,33.1,5.5,557,122,17.9,4.0,478,157,15.4,4.7,465,147,15.0,4.6,3104,210,3104,(X),114,100,3.7,3.1,886,205,28.5,6.0,1074,212,34.6,6.4,1030,140,33.2,5.0,3104,210,3104,(X),0,17,0.0,1.0,387,168,12.5,5.2,291,118,9.4,3.6,1888,214,60.8,6.7,12,20,0.4,0.7,459,148,14.8,4.6,14,22,0.5,0.7,37,34,1.2,1.1,16,25,0.5,0.8,3104,210,3104,(X),0,17,0.0,1.0,0,17,0.0,1.0,19,30,0.6,1.0,3104,210,3104,(X),3089,208,99.5,0.8,15,24,0.5,0.8,0,17,0.0,1.0,2693,222,2693,(X),107,73,4.0,2.6,129,69,4.8,2.6,140,83,5.2,2.9,421,137,15.6,5.2,932,228,34.6,7.5,811,177,30.1,6.4,153,85,5.7,3.1,0,17,0.0,1.2,242500,13658,(X),(X),2693,222,2693,(X),1879,229,69.8,5.8,814,165,30.2,5.8,1879,229,1879,(X),16,28,0.9,1.5,168,96,8.9,5.0,391,137,20.8,7.0,541,162,28.8,7.9,365,146,19.4,7.2,166,101,8.8,5.3,232,95,12.3,4.8,1829,143,(X),(X),814,165,814,(X),20,32,2.5,4.1,30,35,3.7,4.1,195,89,24.0,10.2,322,148,39.6,14.6,104,70,12.8,8.0,143,92,17.6,11.2,688,66,(X),(X),1879,229,1879,(X),622,157,33.1,7.7,368,126,19.6,6.1,306,115,16.3,6.4,95,61,5.1,3.2,488,199,26.0,9.3,0,17,(X),(X),814,165,814,(X),253,131,31.1,12.7,120,74,14.7,9.1,160,92,19.7,11.3,56,54,6.9,6.2,71,60,8.7,7.2,30,38,3.7,4.8,124,74,15.2,8.5,0,17,(X),(X),320,164,320,(X),22,35,6.9,10.3,137,101,42.8,22.3,109,84,34.1,22.1,38,46,11.9,13.4,14,23,4.4,7.1,0,17,0.0,9.6,0,17,0.0,9.6,1007,427,(X),(X),91,92,(X),(X),320,164,320,(X),11,19,3.4,6.1,0,17,0.0,9.6,71,54,22.2,18.4,20,31,6.3,10.7,60,57,18.8,14.5,158,120,49.4,20.5,91,92,(X),(X)
